source_id,target_id,weight
28,15124,1.0
28,32074,1.0
28,33594,1.0
28,48684,1.0
50,628,1.0
50,634,1.0
50,636,1.0
50,638,1.0
50,7532,1.0
50,11884,1.0
50,17253,1.0
50,30480,1.0
50,40706,1.0
92,20320,2.0
92,23035,1.0
92,37189,1.0
92,45166,2.0
92,46025,1.0
92,53231,2.0
92,55180,1.0
93,2314,2.0
93,2697,2.0
93,6531,1.0
93,16154,1.0
93,23808,2.0
93,31320,1.0
93,41137,1.0
93,44024,2.0
97,14720,1.0
97,26534,1.0
97,46890,1.0
97,47901,1.0
97,49829,1.0
97,57908,1.0
97,59589,1.0
148,32542,1.0
148,41926,1.0
153,10082,1.0
153,15733,1.0
153,19060,1.0
153,33087,1.0
153,49249,1.0
171,13893,1.0
171,17933,1.0
171,46408,1.0
173,11968,1.0
173,29717,1.0
277,11713,1.0
277,13919,1.0
277,41005,1.0
277,46283,1.0
277,55420,1.0
279,1299,1.0
279,1421,1.0
279,1874,1.0
279,2481,1.0
279,2543,1.0
279,2975,1.0
279,3288,1.0
279,4044,2.0
279,4823,2.0
279,4869,1.0
279,5014,1.0
279,5137,1.0
279,5779,3.0
279,5815,1.0
279,6631,1.0
279,8097,1.0
279,8615,1.0
279,10846,4.0
279,11527,1.0
279,11996,1.0
279,12947,1.0
279,13156,1.0
279,13157,1.0
279,13174,2.0
279,13407,4.0
279,13655,2.0
279,13659,1.0
279,14057,2.0
279,14085,1.0
279,14634,1.0
279,15335,8.0
279,15336,2.0
279,15337,4.0
279,16512,2.0
279,18554,1.0
279,19558,2.0
279,21522,1.0
279,22954,1.0
279,25210,5.0
279,25249,1.0
279,25250,9.0
279,27007,1.0
279,27294,1.0
279,27927,7.0
279,27929,1.0
279,27953,4.0
279,27957,1.0
279,28298,7.0
279,28361,9.0
279,28535,1.0
279,29294,1.0
279,32706,1.0
279,32712,1.0
279,33750,1.0
279,34208,2.0
279,36544,4.0
279,36712,1.0
279,36791,6.0
279,37600,1.0
279,39112,1.0
279,39270,1.0
279,39597,1.0
279,39940,3.0
279,40177,2.0
279,40225,1.0
279,40226,1.0
279,41604,1.0
279,42040,2.0
279,45601,1.0
279,46337,9.0
279,46866,1.0
279,48368,1.0
279,48387,8.0
279,49132,1.0
279,49133,1.0
279,50424,3.0
279,50905,3.0
279,51270,5.0
279,51818,3.0
279,51992,1.0
279,53488,24.0
279,53498,2.0
279,53637,1.0
279,53638,4.0
279,54099,1.0
279,54201,2.0
279,54403,1.0
279,54421,3.0
279,54422,12.0
279,54868,11.0
279,55720,1.0
279,56591,2.0
279,56951,1.0
279,57519,2.0
279,57774,1.0
279,60579,6.0
376,551,1.0
376,4071,1.0
376,5881,1.0
376,6020,1.0
376,6081,1.0
376,6605,1.0
376,8446,1.0
376,8903,1.0
376,10126,1.0
376,10387,1.0
376,11810,1.0
376,12045,1.0
376,14923,1.0
376,15310,1.0
376,16550,1.0
376,17263,1.0
376,18669,1.0
376,18953,1.0
376,21526,1.0
376,22645,1.0
376,22816,1.0
376,23181,1.0
376,24450,1.0
376,24931,1.0
376,25976,1.0
376,26641,1.0
376,30847,1.0
376,32603,1.0
376,32716,1.0
376,34519,1.0
376,36352,1.0
376,36881,1.0
376,37186,1.0
376,39362,1.0
376,39801,1.0
376,40477,1.0
376,42483,1.0
376,43758,1.0
376,46188,1.0
376,46957,1.0
376,47585,1.0
376,54939,1.0
376,55136,1.0
376,55489,1.0
376,57964,1.0
376,58668,1.0
376,58991,1.0
376,59405,1.0
376,59627,1.0
376,60175,1.0
376,60372,1.0
378,5833,1.0
378,9165,1.0
378,11797,1.0
378,49324,1.0
378,54889,1.0
378,58930,1.0
392,29795,2.0
392,39916,2.0
394,3375,2.0
394,22707,1.0
394,39542,1.0
394,46449,2.0
431,4454,1.0
431,58901,1.0
484,43697,1.0
492,14493,1.0
492,20507,1.0
492,24579,1.0
492,28081,1.0
492,50773,1.0
492,58583,1.0
528,7152,1.0
528,8261,1.0
528,15665,1.0
528,20049,1.0
528,20635,1.0
528,37882,1.0
528,39813,1.0
530,6107,1.0
530,12957,1.0
530,26673,1.0
530,49358,1.0
551,4071,1.0
551,5881,1.0
551,6020,1.0
551,6081,1.0
551,6605,1.0
551,8446,1.0
551,8903,1.0
551,10126,1.0
551,10387,1.0
551,11810,1.0
551,12045,1.0
551,14923,1.0
551,15310,1.0
551,16550,1.0
551,17263,1.0
551,18669,1.0
551,18953,1.0
551,21526,1.0
551,22645,1.0
551,22816,1.0
551,23181,1.0
551,24450,1.0
551,24931,1.0
551,25976,1.0
551,26641,1.0
551,30847,1.0
551,32603,1.0
551,32716,1.0
551,34519,1.0
551,36352,1.0
551,36881,1.0
551,37186,1.0
551,39362,1.0
551,39801,1.0
551,40477,1.0
551,42483,1.0
551,43758,1.0
551,46188,1.0
551,46957,1.0
551,47585,1.0
551,54939,1.0
551,55136,1.0
551,55489,1.0
551,57964,1.0
551,58668,1.0
551,58991,1.0
551,59405,1.0
551,59627,1.0
551,60175,1.0
551,60372,1.0
557,8785,1.0
557,15173,1.0
557,32138,1.0
593,7001,1.0
593,8328,1.0
593,9157,1.0
593,11286,1.0
593,19116,1.0
593,22798,1.0
593,26744,1.0
593,32557,1.0
593,49440,1.0
593,56625,1.0
593,60004,1.0
624,1820,3.0
624,2794,3.0
624,4885,3.0
624,5799,3.0
624,8901,2.0
624,12413,3.0
624,12478,3.0
624,15316,3.0
624,16323,3.0
624,16459,3.0
624,16733,3.0
624,16927,3.0
624,17717,3.0
624,18090,3.0
624,19607,3.0
624,21883,3.0
624,23308,3.0
624,23311,2.0
624,23564,3.0
624,24906,2.0
624,24907,1.0
624,26039,3.0
624,27660,3.0
624,29156,3.0
624,29403,3.0
624,29990,3.0
624,34707,2.0
624,34901,3.0
624,37181,3.0
624,37849,3.0
624,37891,2.0
624,41444,3.0
624,42543,2.0
624,42915,1.0
624,45437,2.0
624,45438,1.0
624,47601,3.0
624,48903,3.0
624,52298,3.0
624,52421,3.0
624,53145,3.0
624,55232,2.0
624,55467,3.0
624,56563,3.0
624,56839,2.0
624,57623,3.0
624,59229,2.0
624,59231,1.0
624,59650,2.0
624,59651,1.0
624,60457,3.0
628,634,1.0
628,636,1.0
628,638,1.0
628,7532,1.0
628,11884,1.0
628,17253,1.0
628,30480,1.0
628,40706,1.0
634,636,1.0
634,638,1.0
634,7532,1.0
634,11884,1.0
634,17253,1.0
634,30480,1.0
634,40706,1.0
636,638,1.0
636,7532,1.0
636,11884,1.0
636,17253,1.0
636,30480,1.0
636,40706,1.0
638,7532,1.0
638,11884,1.0
638,17253,1.0
638,30480,1.0
638,40706,1.0
650,16449,1.0
650,18180,1.0
650,24332,1.0
650,42533,1.0
650,42724,1.0
650,56495,1.0
659,41565,1.0
660,35976,1.0
660,46853,1.0
660,56626,1.0
660,56646,1.0
706,2517,1.0
706,5095,1.0
706,20156,1.0
706,38078,1.0
706,42557,1.0
707,2643,1.0
707,2676,1.0
707,11909,1.0
707,17302,1.0
707,22452,1.0
707,56619,1.0
707,56841,1.0
717,10816,1.0
717,28744,1.0
717,43898,1.0
717,50009,1.0
717,50690,1.0
717,60221,1.0
718,2401,1.0
718,11275,1.0
718,35200,1.0
834,4686,1.0
834,27754,2.0
834,27890,1.0
834,40122,2.0
834,46207,1.0
847,5975,1.0
847,37574,1.0
935,2830,1.0
935,3538,1.0
935,5474,1.0
935,9539,1.0
935,10072,1.0
935,16610,1.0
935,21348,1.0
935,56238,1.0
1007,17148,1.0
1007,22639,2.0
1007,23382,1.0
1007,28020,1.0
1007,34055,1.0
1104,10491,1.0
1104,14194,1.0
1104,22474,1.0
1104,27756,1.0
1104,47958,1.0
1104,55610,1.0
1131,11432,1.0
1166,14428,1.0
1166,20718,1.0
1211,22000,1.0
1211,27065,1.0
1211,51277,1.0
1223,12311,1.0
1239,22372,2.0
1239,28788,2.0
1239,30075,2.0
1239,34576,2.0
1239,35879,1.0
1239,40010,2.0
1239,54057,2.0
1248,3532,1.0
1248,5731,1.0
1248,35468,1.0
1248,37406,1.0
1248,49323,1.0
1248,49608,1.0
1248,58146,1.0
1272,2318,1.0
1272,38545,1.0
1288,23634,1.0
1288,38628,1.0
1299,5137,1.0
1299,14057,1.0
1299,28298,1.0
1299,53488,1.0
1313,6741,1.0
1313,14509,1.0
1313,59490,1.0
1313,59639,1.0
1409,34086,1.0
1409,60328,3.0
1415,8480,1.0
1415,10470,1.0
1415,39598,1.0
1415,43028,1.0
1415,47938,1.0
1421,2481,1.0
1421,6631,1.0
1421,12045,1.0
1421,22954,1.0
1421,24228,1.0
1421,27249,1.0
1421,39270,1.0
1421,40010,3.0
1421,46866,1.0
1421,50278,1.0
1421,52685,1.0
1421,52686,1.0
1421,54897,3.0
1421,55507,2.0
1421,57774,1.0
1439,4722,1.0
1439,9151,1.0
1439,12911,1.0
1439,14090,1.0
1439,19579,1.0
1439,21411,3.0
1439,36427,1.0
1439,38866,1.0
1439,43574,1.0
1439,53757,1.0
1455,2477,1.0
1455,3345,1.0
1455,3346,1.0
1455,55909,1.0
1455,58377,1.0
1506,5174,1.0
1506,7036,1.0
1506,27964,1.0
1506,40564,1.0
1506,52974,1.0
1506,54463,1.0
1506,54530,1.0
1506,54654,1.0
1633,37052,1.0
1633,45067,1.0
1633,48498,1.0
1633,54338,1.0
1633,58612,1.0
1639,18612,1.0
1639,32130,1.0
1639,59358,1.0
1661,13699,1.0
1661,18424,1.0
1661,27601,1.0
1661,42501,1.0
1670,16397,1.0
1670,29363,1.0
1670,48841,1.0
1728,25262,1.0
1728,32075,1.0
1728,32981,1.0
1728,43965,1.0
1728,45414,1.0
1728,60304,1.0
1799,4139,2.0
1799,7328,2.0
1799,7758,2.0
1799,11390,2.0
1799,12385,2.0
1799,16586,2.0
1799,16965,2.0
1799,19660,2.0
1799,22009,2.0
1799,23735,2.0
1799,24966,2.0
1799,27376,2.0
1799,29346,2.0
1799,30825,2.0
1799,32068,2.0
1799,35534,2.0
1799,36870,2.0
1799,36946,2.0
1799,41486,2.0
1799,41844,2.0
1799,42017,2.0
1799,43773,2.0
1799,43979,2.0
1799,44490,2.0
1799,47115,2.0
1799,47468,2.0
1799,48185,2.0
1799,49397,2.0
1799,49832,2.0
1799,50268,2.0
1799,51476,2.0
1799,51814,2.0
1799,57730,2.0
1820,2794,3.0
1820,4885,3.0
1820,5799,3.0
1820,8901,2.0
1820,12413,3.0
1820,12478,3.0
1820,15316,3.0
1820,16323,3.0
1820,16459,3.0
1820,16733,3.0
1820,16927,3.0
1820,17717,3.0
1820,18090,3.0
1820,19607,3.0
1820,21883,3.0
1820,23308,3.0
1820,23311,2.0
1820,23564,3.0
1820,24906,2.0
1820,24907,1.0
1820,26039,3.0
1820,27660,3.0
1820,29156,3.0
1820,29403,3.0
1820,29990,3.0
1820,34707,2.0
1820,34901,3.0
1820,37181,3.0
1820,37849,3.0
1820,37891,2.0
1820,41444,3.0
1820,42543,2.0
1820,42915,1.0
1820,45437,2.0
1820,45438,1.0
1820,47601,3.0
1820,48903,3.0
1820,52298,3.0
1820,52421,3.0
1820,53145,3.0
1820,55232,2.0
1820,55467,3.0
1820,56563,3.0
1820,56839,2.0
1820,57623,3.0
1820,59229,2.0
1820,59231,1.0
1820,59650,2.0
1820,59651,1.0
1820,60457,3.0
1822,14042,1.0
1874,48387,1.0
1874,53488,1.0
1902,31153,3.0
1902,34024,1.0
1902,39231,1.0
1902,44828,2.0
1902,46831,3.0
1946,1949,1.0
1946,16918,1.0
1946,54674,1.0
1946,58277,1.0
1949,14491,1.0
1949,15238,2.0
1949,16918,1.0
1949,23621,1.0
1949,24924,1.0
1949,25861,1.0
1949,34256,1.0
1949,35698,1.0
1949,52291,1.0
1949,54674,3.0
1949,58277,1.0
1950,5773,1.0
1950,9691,1.0
1950,13121,1.0
1950,14728,1.0
1950,23731,2.0
1950,30361,1.0
1950,34422,4.0
1950,53092,2.0
1950,54603,1.0
1965,12491,3.0
1965,17613,1.0
1965,23639,1.0
1965,30353,3.0
1965,42600,1.0
1965,42601,1.0
1965,52198,1.0
2210,36244,2.0
2210,46205,2.0
2210,59872,2.0
2314,2697,2.0
2314,6531,1.0
2314,16154,1.0
2314,23808,2.0
2314,31320,1.0
2314,41137,1.0
2314,44024,2.0
2317,15249,1.0
2317,18865,1.0
2317,50792,1.0
2317,54635,5.0
2317,54636,2.0
2317,60494,1.0
2318,38545,1.0
2338,50674,1.0
2380,58446,1.0
2401,11275,1.0
2401,35200,1.0
2432,4866,2.0
2432,14353,1.0
2432,20695,2.0
2432,22081,3.0
2432,27433,2.0
2432,28941,3.0
2432,37711,2.0
2432,57210,3.0
2475,3928,1.0
2475,6947,1.0
2475,7403,1.0
2475,8476,3.0
2475,23132,1.0
2475,29104,1.0
2475,35951,1.0
2475,37545,4.0
2475,38358,1.0
2477,3345,3.0
2477,3346,1.0
2477,5230,1.0
2477,37978,1.0
2477,54603,1.0
2477,55909,3.0
2477,58377,1.0
2478,4177,1.0
2478,9422,1.0
2478,9875,1.0
2478,14856,1.0
2478,21030,1.0
2478,23490,1.0
2478,24166,1.0
2478,24778,1.0
2478,29748,1.0
2478,42469,1.0
2478,44293,1.0
2478,45139,1.0
2478,45740,1.0
2478,52447,1.0
2478,55917,1.0
2478,56496,1.0
2478,58821,1.0
2481,6631,1.0
2481,22954,1.0
2481,39270,1.0
2481,46866,1.0
2481,57774,1.0
2517,5095,1.0
2517,20156,1.0
2517,38078,1.0
2517,42557,1.0
2528,42144,1.0
2528,58665,1.0
2543,5779,1.0
2543,27927,1.0
2543,54422,1.0
2561,17882,1.0
2561,18073,1.0
2561,30751,2.0
2575,36923,1.0
2575,44957,1.0
2575,57839,1.0
2589,21419,1.0
2643,2676,1.0
2643,4906,8.0
2643,5226,1.0
2643,5613,2.0
2643,5829,10.0
2643,6565,1.0
2643,6659,1.0
2643,9018,1.0
2643,9519,1.0
2643,10618,1.0
2643,10775,1.0
2643,11909,2.0
2643,12114,2.0
2643,12246,2.0
2643,12909,3.0
2643,13553,1.0
2643,13594,1.0
2643,14980,1.0
2643,15133,2.0
2643,15645,1.0
2643,15692,1.0
2643,15693,2.0
2643,16090,2.0
2643,17178,1.0
2643,17302,1.0
2643,19726,1.0
2643,20593,1.0
2643,20736,1.0
2643,22036,5.0
2643,22452,1.0
2643,22598,1.0
2643,24196,3.0
2643,24493,3.0
2643,26167,1.0
2643,26620,1.0
2643,31145,5.0
2643,31801,2.0
2643,35833,1.0
2643,36838,9.0
2643,37263,1.0
2643,37671,1.0
2643,40726,1.0
2643,41113,2.0
2643,41361,1.0
2643,41791,5.0
2643,42278,1.0
2643,42390,2.0
2643,43590,1.0
2643,46500,1.0
2643,46680,3.0
2643,46832,1.0
2643,49234,1.0
2643,49369,2.0
2643,49491,3.0
2643,54309,2.0
2643,54881,1.0
2643,55113,3.0
2643,56619,1.0
2643,56841,1.0
2643,57210,4.0
2643,58156,1.0
2643,58459,2.0
2643,58880,2.0
2648,15433,1.0
2648,26245,1.0
2648,26633,1.0
2648,60261,1.0
2654,18643,2.0
2654,21368,2.0
2654,37557,2.0
2658,5967,1.0
2658,50964,1.0
2676,11909,1.0
2676,17302,1.0
2676,22452,1.0
2676,56619,1.0
2676,56841,1.0
2697,6531,1.0
2697,16154,1.0
2697,23808,4.0
2697,28808,1.0
2697,31320,2.0
2697,41137,2.0
2697,43749,1.0
2697,44024,4.0
2697,60562,1.0
2697,60563,1.0
2707,22015,1.0
2707,45176,1.0
2707,58492,1.0
2794,4885,3.0
2794,5799,3.0
2794,8901,2.0
2794,12413,3.0
2794,12478,3.0
2794,15316,3.0
2794,16323,3.0
2794,16459,3.0
2794,16733,3.0
2794,16927,3.0
2794,17717,3.0
2794,18090,3.0
2794,19607,3.0
2794,21883,3.0
2794,23308,3.0
2794,23311,2.0
2794,23564,3.0
2794,24906,2.0
2794,24907,1.0
2794,26039,3.0
2794,27660,3.0
2794,29156,3.0
2794,29403,3.0
2794,29990,3.0
2794,34707,2.0
2794,34901,3.0
2794,37181,3.0
2794,37849,3.0
2794,37891,2.0
2794,41444,3.0
2794,42543,2.0
2794,42915,1.0
2794,45437,2.0
2794,45438,1.0
2794,47601,3.0
2794,48903,3.0
2794,52298,3.0
2794,52421,3.0
2794,53145,3.0
2794,55232,2.0
2794,55467,3.0
2794,56563,3.0
2794,56839,2.0
2794,57623,3.0
2794,59229,2.0
2794,59231,1.0
2794,59650,2.0
2794,59651,1.0
2794,60457,3.0
2797,3415,1.0
2797,7760,1.0
2797,13274,1.0
2797,24142,1.0
2797,25297,1.0
2797,27336,1.0
2797,30191,1.0
2797,31700,1.0
2797,32539,1.0
2797,37666,1.0
2797,41455,1.0
2797,43911,1.0
2797,51120,1.0
2797,56897,1.0
2797,57250,1.0
2797,57361,1.0
2808,4482,1.0
2808,12516,1.0
2808,24170,2.0
2808,30439,1.0
2808,39551,1.0
2830,3538,1.0
2830,5474,1.0
2830,9539,1.0
2830,10072,1.0
2830,16610,1.0
2830,21348,1.0
2830,56238,1.0
2856,14672,1.0
2856,19522,1.0
2901,4598,1.0
2901,7937,1.0
2901,16493,1.0
2901,29289,1.0
2914,56400,1.0
2975,3288,1.0
2975,4869,1.0
2975,7405,1.0
2975,16512,1.0
2975,17911,1.0
2975,28535,1.0
2975,32706,1.0
2975,33750,1.0
2975,36544,1.0
2975,36712,1.0
2975,36791,1.0
2975,37302,1.0
2975,40226,1.0
2975,51270,3.0
2975,51713,1.0
2975,55720,1.0
2975,57026,1.0
2975,58209,1.0
3201,27954,2.0
3201,38418,2.0
3203,11052,1.0
3203,11053,1.0
3203,11054,1.0
3203,36217,1.0
3203,45105,3.0
3229,28870,1.0
3288,4869,1.0
3288,28535,1.0
3288,32706,1.0
3288,33750,1.0
3288,36544,1.0
3288,36712,1.0
3288,40226,1.0
3288,51270,1.0
3288,55720,1.0
3344,10612,1.0
3344,35607,1.0
3344,40743,1.0
3344,52484,1.0
3344,57900,1.0
3345,1946,1.0
3345,1949,1.0
3345,1950,3.0
3345,3346,1.0
3345,5230,1.0
3345,5773,1.0
3345,7751,1.0
3345,13121,1.0
3345,13788,2.0
3345,15238,1.0
3345,16918,1.0
3345,17184,1.0
3345,20333,1.0
3345,21368,1.0
3345,23621,2.0
3345,26620,1.0
3345,30361,1.0
3345,32384,2.0
3345,34256,1.0
3345,37052,1.0
3345,37557,1.0
3345,37978,2.0
3345,41635,2.0
3345,46282,1.0
3345,53729,1.0
3345,54603,1.0
3345,54674,4.0
3345,55909,3.0
3345,56036,1.0
3345,58277,1.0
3345,58377,3.0
3345,59575,1.0
3346,55909,1.0
3346,58377,1.0
3375,4866,1.0
3375,5360,1.0
3375,6107,2.0
3375,8476,1.0
3375,22707,1.0
3375,30001,1.0
3375,33763,1.0
3375,34778,1.0
3375,37545,1.0
3375,37790,1.0
3375,37834,1.0
3375,39542,2.0
3375,40255,1.0
3375,43862,1.0
3375,46449,4.0
3375,48424,1.0
3375,49425,1.0
3375,49659,1.0
3375,54811,1.0
3375,59362,1.0
3376,6656,2.0
3376,8707,2.0
3376,20765,2.0
3376,60117,2.0
3381,11698,1.0
3381,11749,1.0
3381,11834,1.0
3381,24230,1.0
3381,24231,1.0
3381,35242,1.0
3381,50251,2.0
3398,40180,1.0
3398,49837,1.0
3399,8455,1.0
3399,43679,2.0
3415,7760,1.0
3415,13274,2.0
3415,20148,1.0
3415,22528,1.0
3415,24142,1.0
3415,25297,1.0
3415,26849,1.0
3415,27336,1.0
3415,30191,2.0
3415,31700,1.0
3415,32539,1.0
3415,37666,1.0
3415,40606,1.0
3415,41455,2.0
3415,43911,1.0
3415,47234,1.0
3415,51120,1.0
3415,56897,1.0
3415,57250,2.0
3415,57361,1.0
3433,13220,2.0
3433,13677,1.0
3433,18458,3.0
3433,27819,2.0
3433,48246,1.0
3433,48247,1.0
3514,4934,1.0
3514,17916,1.0
3514,29927,1.0
3516,34103,1.0
3516,42408,1.0
3523,15414,1.0
3523,23480,1.0
3523,25561,1.0
3523,28139,1.0
3523,30014,1.0
3523,37797,1.0
3523,56016,1.0
3532,5731,1.0
3532,35468,1.0
3532,37406,1.0
3532,49323,1.0
3532,49608,1.0
3532,58146,1.0
3538,5474,1.0
3538,9539,1.0
3538,10072,1.0
3538,16610,1.0
3538,21348,1.0
3538,56238,1.0
3612,10259,1.0
3637,16689,1.0
3637,55734,1.0
3759,7843,1.0
3759,19082,2.0
3759,21024,1.0
3759,24933,1.0
3759,34809,1.0
3759,35382,1.0
3759,43572,1.0
3759,45269,2.0
3759,56358,2.0
3820,7469,3.0
3820,8766,1.0
3820,8778,1.0
3820,9573,1.0
3820,13283,1.0
3820,13731,1.0
3820,17919,1.0
3820,18022,1.0
3820,29588,1.0
3820,35444,1.0
3820,47726,2.0
3820,49430,2.0
3820,51159,7.0
3820,51760,1.0
3820,52388,1.0
3820,58303,1.0
3820,58371,1.0
3820,59105,1.0
3820,60608,1.0
3846,16103,1.0
3846,40435,1.0
3904,7723,2.0
3904,20431,1.0
3904,27921,1.0
3904,43892,1.0
3904,44466,1.0
3904,46818,1.0
3904,58636,1.0
3922,17936,3.0
3922,30786,3.0
3922,36481,3.0
3922,36509,2.0
3922,36510,1.0
3928,8476,1.0
3928,23132,1.0
3928,37545,1.0
3937,39677,1.0
3937,54781,1.0
3937,60603,1.0
4002,9135,1.0
4002,44004,1.0
4002,44929,1.0
4002,58638,1.0
4002,59460,1.0
4027,8064,1.0
4027,18846,1.0
4027,20196,1.0
4027,21421,1.0
4027,26995,1.0
4027,29322,1.0
4027,31241,1.0
4027,31383,1.0
4027,37981,1.0
4027,43740,1.0
4027,52498,1.0
4027,53210,1.0
4027,59425,1.0
4027,60317,1.0
4044,53488,2.0
4044,54422,2.0
4044,57519,2.0
4054,20503,4.0
4054,29446,4.0
4054,34019,4.0
4054,35147,2.0
4054,40400,2.0
4054,41236,3.0
4054,60310,4.0
4071,5881,1.0
4071,6020,1.0
4071,6081,1.0
4071,6605,1.0
4071,8446,1.0
4071,8903,1.0
4071,10126,1.0
4071,10387,1.0
4071,11810,1.0
4071,12045,1.0
4071,14923,1.0
4071,15310,1.0
4071,16550,1.0
4071,17263,1.0
4071,18669,1.0
4071,18953,1.0
4071,21526,1.0
4071,22645,1.0
4071,22816,1.0
4071,23181,1.0
4071,24450,1.0
4071,24931,1.0
4071,25976,1.0
4071,26641,1.0
4071,30847,1.0
4071,32603,1.0
4071,32716,1.0
4071,34519,1.0
4071,36352,1.0
4071,36881,1.0
4071,37186,1.0
4071,39362,1.0
4071,39801,1.0
4071,40477,1.0
4071,42483,1.0
4071,43758,1.0
4071,46188,1.0
4071,46957,1.0
4071,47585,1.0
4071,54939,1.0
4071,55136,1.0
4071,55489,1.0
4071,57964,1.0
4071,58668,1.0
4071,58991,1.0
4071,59405,1.0
4071,59627,1.0
4071,60175,1.0
4071,60372,1.0
4080,57633,1.0
4080,59643,1.0
4133,11318,1.0
4133,21316,1.0
4133,23574,1.0
4133,25327,1.0
4133,30299,1.0
4133,34265,1.0
4133,35537,1.0
4133,40566,1.0
4138,43401,1.0
4139,7328,2.0
4139,7758,2.0
4139,11390,2.0
4139,12385,2.0
4139,16586,2.0
4139,16965,2.0
4139,19660,2.0
4139,22009,2.0
4139,23735,2.0
4139,24966,2.0
4139,27376,2.0
4139,29346,2.0
4139,30825,2.0
4139,32068,2.0
4139,35534,2.0
4139,36870,2.0
4139,36946,2.0
4139,41486,2.0
4139,41844,2.0
4139,42017,2.0
4139,43773,2.0
4139,43979,2.0
4139,44490,2.0
4139,47115,2.0
4139,47468,2.0
4139,48185,2.0
4139,49397,2.0
4139,49832,2.0
4139,50268,2.0
4139,51476,2.0
4139,51814,2.0
4139,57730,2.0
4177,9422,1.0
4177,9875,1.0
4177,14856,1.0
4177,21030,1.0
4177,23490,1.0
4177,24166,1.0
4177,24778,1.0
4177,29748,1.0
4177,42469,1.0
4177,44293,1.0
4177,45139,1.0
4177,45740,1.0
4177,52447,1.0
4177,55917,1.0
4177,56496,1.0
4177,58821,1.0
4237,7420,1.0
4237,51117,1.0
4277,51442,1.0
4312,5964,1.0
4312,24557,1.0
4312,35275,2.0
4313,11023,1.0
4314,30309,1.0
4314,49658,1.0
4315,29107,1.0
4320,43918,1.0
4320,55454,1.0
4321,15479,1.0
4321,15812,2.0
4321,30500,1.0
4321,46492,2.0
4325,15199,1.0
4325,43619,1.0
4325,49103,1.0
4333,27357,1.0
4333,37730,1.0
4333,44535,1.0
4333,54825,1.0
4368,4804,1.0
4368,4829,1.0
4368,11896,1.0
4368,17429,1.0
4368,34988,1.0
4411,30784,1.0
4411,33981,1.0
4411,43698,1.0
4411,51317,1.0
4454,58901,1.0
4480,22014,1.0
4480,31003,1.0
4480,41673,1.0
4480,54289,1.0
4482,4804,1.0
4482,6866,1.0
4482,6975,1.0
4482,7134,1.0
4482,12516,1.0
4482,13351,1.0
4482,15239,1.0
4482,16689,2.0
4482,16776,3.0
4482,20086,1.0
4482,29495,1.0
4482,30843,1.0
4482,33072,2.0
4482,34747,3.0
4482,43095,1.0
4482,45832,3.0
4482,46317,1.0
4482,49539,1.0
4482,50875,2.0
4482,52742,2.0
4482,53149,3.0
4597,8177,2.0
4597,12116,1.0
4597,19351,2.0
4597,34374,1.0
4597,38627,1.0
4597,47734,2.0
4598,7937,1.0
4598,16493,1.0
4598,29289,1.0
4599,17999,1.0
4599,34369,1.0
4599,53973,1.0
4630,7674,1.0
4630,8447,1.0
4630,14126,1.0
4630,31678,1.0
4630,42599,1.0
4630,48934,1.0
4686,1211,1.0
4686,1639,1.0
4686,2797,1.0
4686,3415,1.0
4686,5514,1.0
4686,5585,2.0
4686,6324,1.0
4686,7760,1.0
4686,9094,1.0
4686,9338,3.0
4686,9452,1.0
4686,10806,1.0
4686,10918,4.0
4686,13274,1.0
4686,14563,2.0
4686,14564,1.0
4686,15595,3.0
4686,15947,2.0
4686,17882,2.0
4686,18612,5.0
4686,18958,1.0
4686,19118,1.0
4686,22000,1.0
4686,23274,2.0
4686,24142,1.0
4686,24877,1.0
4686,25297,1.0
4686,25420,1.0
4686,27065,1.0
4686,27336,1.0
4686,27754,1.0
4686,27890,2.0
4686,28273,1.0
4686,29283,1.0
4686,29681,2.0
4686,30191,1.0
4686,31700,1.0
4686,31789,1.0
4686,32130,4.0
4686,32539,1.0
4686,32837,1.0
4686,37666,1.0
4686,38924,1.0
4686,40122,1.0
4686,40228,1.0
4686,40857,1.0
4686,40952,1.0
4686,41172,1.0
4686,41455,1.0
4686,42523,1.0
4686,42860,2.0
4686,43249,1.0
4686,43911,1.0
4686,44310,1.0
4686,45785,4.0
4686,46207,1.0
4686,47008,1.0
4686,49608,1.0
4686,51120,1.0
4686,51167,1.0
4686,51277,1.0
4686,52124,2.0
4686,52953,2.0
4686,53112,1.0
4686,53118,1.0
4686,53126,5.0
4686,53127,1.0
4686,53757,6.0
4686,53992,1.0
4686,54131,1.0
4686,55468,1.0
4686,56897,1.0
4686,57250,1.0
4686,57361,1.0
4686,57818,1.0
4686,58685,1.0
4686,59358,17.0
4686,60015,1.0
4686,60220,2.0
4686,60246,1.0
4722,14090,1.0
4722,19579,1.0
4722,21335,2.0
4722,21411,1.0
4722,38756,1.0
4730,18912,2.0
4730,29087,2.0
4730,29232,2.0
4744,35944,1.0
4744,55878,1.0
4744,56544,1.0
4744,57679,1.0
4777,40009,1.0
4777,50401,1.0
4804,4829,2.0
4804,11896,1.0
4804,13351,1.0
4804,16776,2.0
4804,17429,2.0
4804,24975,1.0
4804,27427,1.0
4804,28096,1.0
4804,28097,1.0
4804,29688,2.0
4804,30261,1.0
4804,32476,1.0
4804,34747,1.0
4804,34988,3.0
4804,41517,1.0
4804,45197,2.0
4804,45621,1.0
4804,45832,2.0
4804,46002,1.0
4804,50875,2.0
4804,52361,1.0
4804,52364,1.0
4804,52742,1.0
4804,53149,2.0
4804,57740,1.0
4804,60007,1.0
4804,60077,1.0
4823,8097,1.0
4823,14057,1.0
4823,25250,2.0
4823,28298,2.0
4823,51992,1.0
4823,53488,1.0
4829,11896,1.0
4829,17429,2.0
4829,28096,1.0
4829,29688,1.0
4829,34988,2.0
4829,45197,1.0
4829,52364,1.0
4829,60007,1.0
4866,4314,1.0
4866,4315,1.0
4866,5997,2.0
4866,7403,1.0
4866,14353,1.0
4866,20561,1.0
4866,20695,5.0
4866,20736,1.0
4866,21022,1.0
4866,29107,1.0
4866,30001,1.0
4866,30309,4.0
4866,36922,1.0
4866,36959,2.0
4866,37545,2.0
4866,37790,2.0
4866,40009,2.0
4866,45429,1.0
4866,49658,1.0
4866,49659,2.0
4866,56623,1.0
4869,28535,1.0
4869,32706,1.0
4869,33750,1.0
4869,36544,1.0
4869,36712,1.0
4869,40226,1.0
4869,51270,1.0
4869,55720,1.0
4885,5799,3.0
4885,8901,2.0
4885,12413,3.0
4885,12478,3.0
4885,15316,3.0
4885,16323,3.0
4885,16459,3.0
4885,16733,3.0
4885,16927,3.0
4885,17717,3.0
4885,18090,3.0
4885,19607,3.0
4885,21883,3.0
4885,23308,3.0
4885,23311,2.0
4885,23564,3.0
4885,24906,2.0
4885,24907,1.0
4885,26039,3.0
4885,27660,3.0
4885,29156,3.0
4885,29403,3.0
4885,29990,3.0
4885,34707,2.0
4885,34901,3.0
4885,37181,3.0
4885,37849,3.0
4885,37891,2.0
4885,41444,3.0
4885,42543,2.0
4885,42915,1.0
4885,45437,2.0
4885,45438,1.0
4885,47601,3.0
4885,48903,3.0
4885,52298,3.0
4885,52421,3.0
4885,53145,3.0
4885,55232,2.0
4885,55467,3.0
4885,56563,3.0
4885,56839,2.0
4885,57623,3.0
4885,59229,2.0
4885,59231,1.0
4885,59650,2.0
4885,59651,1.0
4885,60457,3.0
4906,5829,12.0
4906,13594,1.0
4906,13939,1.0
4906,16056,1.0
4906,16214,1.0
4906,17488,1.0
4906,17496,10.0
4906,17497,1.0
4906,18980,1.0
4906,19726,1.0
4906,21343,1.0
4906,23758,5.0
4906,23759,1.0
4906,24170,1.0
4906,28001,1.0
4906,28277,3.0
4906,31182,1.0
4906,32794,1.0
4906,33089,1.0
4906,33604,1.0
4906,36316,2.0
4906,36838,12.0
4906,37671,2.0
4906,40036,1.0
4906,49369,2.0
4906,51796,3.0
4906,54309,1.0
4906,59104,2.0
4906,59797,1.0
4906,60134,1.0
4934,6131,1.0
4934,7306,2.0
4934,10110,1.0
4934,17916,6.0
4934,28760,2.0
4934,29927,2.0
4934,30243,1.0
4934,36148,1.0
4934,39744,1.0
4934,41326,1.0
4934,42263,1.0
4934,42264,1.0
4934,45097,1.0
5007,31277,1.0
5007,33043,2.0
5007,41840,1.0
5007,55803,1.0
5014,13156,1.0
5014,53637,1.0
5095,7410,2.0
5095,20156,6.0
5095,29955,2.0
5095,34877,7.0
5095,35094,1.0
5095,38078,1.0
5095,40400,3.0
5095,40401,1.0
5095,41677,2.0
5095,42557,1.0
5095,53232,2.0
5096,11487,1.0
5096,15625,1.0
5096,21191,1.0
5096,23733,1.0
5096,34096,1.0
5096,44161,1.0
5096,49193,1.0
5137,14057,1.0
5137,28298,1.0
5137,53488,1.0
5174,7036,1.0
5174,27964,1.0
5174,40564,1.0
5174,52974,1.0
5174,54463,1.0
5174,54530,1.0
5174,54654,1.0
5190,16617,1.0
5190,26283,1.0
5190,30383,1.0
5190,36710,1.0
5190,37264,1.0
5190,38016,1.0
5190,42486,1.0
5190,47371,1.0
5190,56643,1.0
5226,17178,1.0
5226,22036,1.0
5226,22598,1.0
5226,26620,1.0
5226,46832,1.0
5230,37978,1.0
5251,7408,1.0
5251,20894,1.0
5251,21369,1.0
5251,26817,1.0
5251,35538,1.0
5251,49530,1.0
5251,53162,1.0
5251,59886,1.0
5251,60217,1.0
5310,18013,1.0
5310,24132,1.0
5310,60444,1.0
5464,12904,1.0
5464,18793,1.0
5464,41492,1.0
5464,54693,1.0
5467,12775,1.0
5467,24010,1.0
5467,28157,1.0
5467,37320,2.0
5474,9539,1.0
5474,10072,1.0
5474,16610,1.0
5474,21348,1.0
5474,56238,1.0
5485,28783,1.0
5485,28784,1.0
5485,38372,1.0
5485,38373,1.0
5485,58285,1.0
5485,58287,1.0
5485,59025,2.0
5492,60223,1.0
5514,23274,1.0
5514,58685,1.0
5515,6912,1.0
5515,13061,2.0
5515,27996,1.0
5515,35007,1.0
5515,39389,1.0
5515,55753,1.0
5525,55617,1.0
5536,41352,1.0
5536,52636,1.0
5536,52944,1.0
5585,9094,1.0
5585,15947,1.0
5585,25420,1.0
5613,15133,2.0
5613,49369,2.0
5613,58459,1.0
5623,7203,1.0
5623,14451,1.0
5623,24587,1.0
5623,26642,1.0
5623,58938,1.0
5623,60068,1.0
5632,12681,1.0
5632,49026,1.0
5632,57375,1.0
5731,35468,1.0
5731,37406,1.0
5731,49323,1.0
5731,49608,1.0
5731,58146,1.0
5773,13121,1.0
5779,11996,1.0
5779,12947,1.0
5779,13655,1.0
5779,14634,1.0
5779,18554,1.0
5779,27927,2.0
5779,27929,1.0
5779,39940,1.0
5779,45601,1.0
5779,53488,1.0
5779,54421,1.0
5779,54422,1.0
5799,8901,2.0
5799,12413,3.0
5799,12478,3.0
5799,15316,3.0
5799,16323,3.0
5799,16459,3.0
5799,16733,3.0
5799,16927,3.0
5799,17717,3.0
5799,18090,3.0
5799,19607,3.0
5799,21883,3.0
5799,23308,3.0
5799,23311,2.0
5799,23564,3.0
5799,24906,2.0
5799,24907,1.0
5799,26039,3.0
5799,27660,3.0
5799,29156,3.0
5799,29403,3.0
5799,29990,3.0
5799,34707,2.0
5799,34901,3.0
5799,37181,3.0
5799,37849,3.0
5799,37891,2.0
5799,41444,3.0
5799,42543,2.0
5799,42915,1.0
5799,45437,2.0
5799,45438,1.0
5799,47601,3.0
5799,48903,3.0
5799,52298,3.0
5799,52421,3.0
5799,53145,3.0
5799,55232,2.0
5799,55467,3.0
5799,56563,3.0
5799,56839,2.0
5799,57623,3.0
5799,59229,2.0
5799,59231,1.0
5799,59650,2.0
5799,59651,1.0
5799,60457,3.0
5815,53488,1.0
5829,13594,1.0
5829,17496,2.0
5829,18980,1.0
5829,19726,1.0
5829,36838,12.0
5829,37671,2.0
5829,40036,1.0
5829,46680,2.0
5833,9165,1.0
5833,11797,1.0
5833,49324,1.0
5833,54889,1.0
5833,58930,1.0
5881,2478,1.0
5881,4177,1.0
5881,6020,1.0
5881,6081,1.0
5881,6605,1.0
5881,8446,1.0
5881,8903,1.0
5881,9422,1.0
5881,9875,1.0
5881,10126,1.0
5881,10387,1.0
5881,11810,1.0
5881,12045,1.0
5881,12245,1.0
5881,14856,1.0
5881,14923,1.0
5881,15310,1.0
5881,16550,1.0
5881,17263,1.0
5881,18669,1.0
5881,18953,1.0
5881,21030,1.0
5881,21526,1.0
5881,22645,1.0
5881,22816,1.0
5881,23181,1.0
5881,23490,1.0
5881,24166,1.0
5881,24450,1.0
5881,24778,1.0
5881,24931,1.0
5881,25976,1.0
5881,26641,1.0
5881,29748,2.0
5881,30847,1.0
5881,32603,1.0
5881,32716,1.0
5881,34519,1.0
5881,36352,1.0
5881,36881,1.0
5881,37186,1.0
5881,39362,1.0
5881,39801,1.0
5881,40477,1.0
5881,42469,1.0
5881,42483,1.0
5881,43758,1.0
5881,44293,1.0
5881,45139,1.0
5881,45740,1.0
5881,46188,1.0
5881,46957,1.0
5881,47585,1.0
5881,52447,1.0
5881,54939,1.0
5881,55136,1.0
5881,55489,2.0
5881,55917,1.0
5881,56496,1.0
5881,57964,1.0
5881,58668,1.0
5881,58821,1.0
5881,58991,1.0
5881,59405,1.0
5881,59627,1.0
5881,60175,1.0
5881,60372,1.0
5898,7900,2.0
5898,15599,2.0
5898,48824,2.0
5898,51675,2.0
5898,58664,2.0
5908,12757,1.0
5908,56352,1.0
5908,59508,1.0
5964,24557,1.0
5967,50964,2.0
5975,8709,1.0
5975,11056,1.0
5975,13649,1.0
5975,17593,1.0
5975,20863,1.0
5975,23307,1.0
5975,29276,1.0
5975,33555,1.0
5975,35488,1.0
5975,36448,1.0
5975,37574,1.0
5975,40010,1.0
5975,40111,1.0
5975,40116,3.0
5975,45947,1.0
5975,47566,1.0
5975,50316,1.0
5975,52359,1.0
5975,54691,1.0
5975,56460,1.0
5975,60273,1.0
5997,36959,2.0
6000,7639,1.0
6000,43086,1.0
6020,6081,1.0
6020,6605,1.0
6020,8446,1.0
6020,8903,1.0
6020,10126,1.0
6020,10387,1.0
6020,11810,1.0
6020,12045,1.0
6020,14923,1.0
6020,15310,1.0
6020,16550,1.0
6020,17263,1.0
6020,18669,1.0
6020,18953,1.0
6020,21526,1.0
6020,22645,1.0
6020,22816,1.0
6020,23181,1.0
6020,24450,1.0
6020,24931,1.0
6020,25976,1.0
6020,26641,1.0
6020,30847,1.0
6020,32603,1.0
6020,32716,1.0
6020,34519,1.0
6020,36352,1.0
6020,36881,1.0
6020,37186,1.0
6020,39362,1.0
6020,39801,1.0
6020,40477,1.0
6020,42483,1.0
6020,43758,1.0
6020,46188,1.0
6020,46957,1.0
6020,47585,1.0
6020,54939,1.0
6020,55136,1.0
6020,55489,1.0
6020,57964,1.0
6020,58668,1.0
6020,58991,1.0
6020,59405,1.0
6020,59627,1.0
6020,60175,1.0
6020,60372,1.0
6038,6117,2.0
6038,12769,1.0
6038,16109,2.0
6038,17906,1.0
6038,23668,1.0
6038,24335,2.0
6038,46937,1.0
6038,49882,1.0
6038,59419,2.0
6075,6079,1.0
6075,7582,1.0
6075,11751,1.0
6075,27309,1.0
6075,34292,1.0
6075,40550,1.0
6075,60557,1.0
6079,7582,3.0
6079,11751,1.0
6079,27309,1.0
6079,34292,1.0
6079,40550,1.0
6079,60557,1.0
6081,6605,1.0
6081,8446,1.0
6081,8903,1.0
6081,10126,1.0
6081,10387,1.0
6081,11810,1.0
6081,12045,1.0
6081,14923,1.0
6081,15310,1.0
6081,16550,1.0
6081,17263,1.0
6081,18669,1.0
6081,18953,1.0
6081,21526,1.0
6081,22645,1.0
6081,22816,1.0
6081,23181,1.0
6081,24450,1.0
6081,24931,1.0
6081,25976,1.0
6081,26641,1.0
6081,30847,1.0
6081,32603,1.0
6081,32716,1.0
6081,34519,1.0
6081,36352,1.0
6081,36881,1.0
6081,37186,1.0
6081,39362,1.0
6081,39801,1.0
6081,40477,1.0
6081,42483,1.0
6081,43758,1.0
6081,46188,1.0
6081,46957,1.0
6081,47585,1.0
6081,54939,1.0
6081,55136,1.0
6081,55489,1.0
6081,57964,1.0
6081,58668,1.0
6081,58991,1.0
6081,59405,1.0
6081,59627,1.0
6081,60175,1.0
6081,60372,1.0
6107,2432,8.0
6107,2475,2.0
6107,2575,1.0
6107,4314,1.0
6107,4866,7.0
6107,5360,1.0
6107,6117,3.0
6107,6947,1.0
6107,7240,1.0
6107,7403,2.0
6107,12700,1.0
6107,12701,2.0
6107,12710,1.0
6107,12711,1.0
6107,12712,2.0
6107,12956,1.0
6107,12957,2.0
6107,14353,3.0
6107,15693,1.0
6107,15900,1.0
6107,19409,1.0
6107,20643,4.0
6107,20695,10.0
6107,20736,7.0
6107,20765,1.0
6107,21022,3.0
6107,22070,7.0
6107,22513,1.0
6107,22682,2.0
6107,23968,2.0
6107,25577,2.0
6107,26673,10.0
6107,27433,2.0
6107,28020,1.0
6107,29015,1.0
6107,29104,2.0
6107,29768,1.0
6107,30001,1.0
6107,30222,1.0
6107,30309,3.0
6107,30792,1.0
6107,30950,2.0
6107,31197,1.0
6107,31901,3.0
6107,32326,1.0
6107,35192,4.0
6107,35951,1.0
6107,36899,1.0
6107,36900,1.0
6107,36901,1.0
6107,36902,1.0
6107,36922,1.0
6107,36923,1.0
6107,37545,2.0
6107,37574,7.0
6107,37790,2.0
6107,38354,1.0
6107,38358,2.0
6107,39178,1.0
6107,40010,1.0
6107,40180,1.0
6107,40255,1.0
6107,40535,1.0
6107,40536,4.0
6107,42148,1.0
6107,42208,1.0
6107,42293,8.0
6107,42690,1.0
6107,43679,4.0
6107,44501,1.0
6107,44957,1.0
6107,44964,2.0
6107,44973,2.0
6107,48757,2.0
6107,49151,1.0
6107,49358,9.0
6107,49359,2.0
6107,49374,1.0
6107,49658,1.0
6107,49659,1.0
6107,49837,2.0
6107,51731,1.0
6107,52743,1.0
6107,53024,1.0
6107,54497,1.0
6107,54902,2.0
6107,54908,2.0
6107,56623,1.0
6107,56842,1.0
6107,57839,1.0
6107,58276,2.0
6107,58339,4.0
6107,58550,1.0
6107,60064,1.0
6107,60116,2.0
6107,60266,1.0
6117,6658,1.0
6117,12769,1.0
6117,16109,2.0
6117,17906,1.0
6117,23668,1.0
6117,24335,2.0
6117,31197,1.0
6117,35192,1.0
6117,42690,1.0
6117,44501,1.0
6117,46937,1.0
6117,49882,1.0
6117,49883,1.0
6117,59419,2.0
6117,60064,1.0
6131,36148,1.0
6131,39744,1.0
6132,40926,1.0
6324,15947,1.0
6324,57818,1.0
6375,34608,1.0
6375,43617,1.0
6375,43618,1.0
6443,10375,1.0
6443,16107,1.0
6443,21189,1.0
6443,29396,1.0
6443,35826,1.0
6443,42069,1.0
6443,51404,1.0
6443,52076,1.0
6450,8610,2.0
6450,44280,2.0
6478,44179,1.0
6531,16154,1.0
6531,23808,1.0
6531,31320,1.0
6531,44024,1.0
6565,14980,1.0
6565,54309,1.0
6605,8446,1.0
6605,8903,1.0
6605,10126,1.0
6605,10387,1.0
6605,11810,1.0
6605,12045,1.0
6605,14923,1.0
6605,15310,1.0
6605,16550,1.0
6605,17263,1.0
6605,18669,1.0
6605,18953,1.0
6605,21526,1.0
6605,22645,1.0
6605,22816,1.0
6605,23181,1.0
6605,24450,1.0
6605,24931,1.0
6605,25976,1.0
6605,26641,1.0
6605,30847,1.0
6605,32603,1.0
6605,32716,1.0
6605,34519,1.0
6605,36352,1.0
6605,36881,1.0
6605,37186,1.0
6605,39362,1.0
6605,39801,1.0
6605,40477,1.0
6605,42483,1.0
6605,43758,1.0
6605,46188,1.0
6605,46957,1.0
6605,47585,1.0
6605,54939,1.0
6605,55136,1.0
6605,55489,1.0
6605,57964,1.0
6605,58668,1.0
6605,58991,1.0
6605,59405,1.0
6605,59627,1.0
6605,60175,1.0
6605,60372,1.0
6631,22954,1.0
6631,39270,1.0
6631,46866,1.0
6631,57774,1.0
6656,8707,2.0
6656,20765,2.0
6656,60117,2.0
6657,13727,1.0
6658,49883,1.0
6659,15693,1.0
6659,20736,1.0
6720,20272,1.0
6720,22318,1.0
6720,30308,1.0
6741,14509,1.0
6741,59490,1.0
6741,59639,1.0
6751,12645,1.0
6751,15937,1.0
6751,52147,1.0
6821,20220,1.0
6821,30499,1.0
6821,37317,1.0
6821,59927,1.0
6825,13471,1.0
6825,39427,1.0
6866,30843,1.0
6866,43095,1.0
6896,36315,2.0
6912,27996,1.0
6912,39389,1.0
6912,55753,1.0
6914,22235,4.0
6914,26535,1.0
6914,29210,1.0
6914,41657,1.0
6914,49513,1.0
6914,52215,1.0
6917,9017,1.0
6917,11747,1.0
6917,44204,1.0
6917,52457,1.0
6919,22056,1.0
6919,46905,1.0
6947,35951,1.0
6947,38358,1.0
6975,7134,1.0
6975,14556,1.0
6975,15239,2.0
6975,16776,2.0
6975,33072,1.0
6975,34747,1.0
6975,35041,1.0
6975,43313,1.0
6975,45832,1.0
6975,50875,1.0
6975,52742,1.0
6975,53149,1.0
6975,55259,1.0
6983,7757,1.0
6983,28897,1.0
6983,33510,1.0
6983,40234,1.0
6983,44368,1.0
6983,47511,1.0
7001,8328,1.0
7001,9157,1.0
7001,11286,1.0
7001,19116,1.0
7001,22798,1.0
7001,26744,1.0
7001,32557,1.0
7001,49440,1.0
7001,56625,1.0
7001,60004,1.0
7036,3904,1.0
7036,4320,1.0
7036,7723,1.0
7036,11747,2.0
7036,14571,1.0
7036,20431,1.0
7036,20589,1.0
7036,22512,1.0
7036,23224,1.0
7036,27964,5.0
7036,33546,2.0
7036,40564,2.0
7036,43892,1.0
7036,43918,1.0
7036,44204,2.0
7036,51476,1.0
7036,52974,6.0
7036,54461,1.0
7036,54463,5.0
7036,54530,1.0
7036,54654,6.0
7036,55454,2.0
7036,58262,2.0
7134,15239,1.0
7134,16776,1.0
7134,33072,1.0
7134,34747,1.0
7134,45832,1.0
7134,50875,1.0
7134,52742,1.0
7134,53149,1.0
7152,8261,1.0
7152,12703,1.0
7152,15665,1.0
7152,20049,2.0
7152,20635,1.0
7152,34515,1.0
7152,37882,1.0
7152,39813,1.0
7152,60515,1.0
7203,14451,1.0
7203,24587,1.0
7203,26642,1.0
7203,58938,1.0
7203,60068,1.0
7207,8682,1.0
7207,12109,1.0
7207,24629,1.0
7207,27461,1.0
7207,35977,1.0
7207,38019,1.0
7240,29128,1.0
7240,31053,1.0
7240,42148,1.0
7240,54908,1.0
7261,8418,1.0
7261,21661,1.0
7261,23296,1.0
7261,24065,1.0
7261,33841,1.0
7261,38348,1.0
7261,38461,1.0
7261,55239,1.0
7261,60077,2.0
7306,10110,1.0
7306,28760,2.0
7306,30243,1.0
7306,36148,1.0
7306,42263,1.0
7306,42264,1.0
7306,45097,1.0
7312,17914,1.0
7312,50717,1.0
7312,57290,1.0
7328,7758,2.0
7328,11390,2.0
7328,12385,2.0
7328,16586,2.0
7328,16965,2.0
7328,19660,2.0
7328,22009,2.0
7328,23735,2.0
7328,24966,2.0
7328,27376,2.0
7328,29346,2.0
7328,30825,2.0
7328,32068,2.0
7328,35534,2.0
7328,36870,2.0
7328,36946,2.0
7328,41486,2.0
7328,41844,2.0
7328,42017,2.0
7328,43773,2.0
7328,43979,2.0
7328,44490,2.0
7328,47115,2.0
7328,47468,2.0
7328,48185,2.0
7328,49397,2.0
7328,49832,2.0
7328,50268,2.0
7328,51476,2.0
7328,51814,2.0
7328,57730,2.0
7396,16402,1.0
7403,6194,1.0
7403,20122,1.0
7403,21022,1.0
7403,22838,1.0
7403,30309,3.0
7403,36922,1.0
7403,37545,2.0
7403,40116,1.0
7403,56623,1.0
7405,8447,1.0
7405,22793,1.0
7405,27881,1.0
7405,48935,1.0
7405,56000,1.0
7405,57026,3.0
7405,58384,1.0
7408,20894,2.0
7408,21369,2.0
7408,26221,1.0
7408,26817,1.0
7408,35538,1.0
7408,35642,1.0
7408,49530,1.0
7408,53162,2.0
7408,59886,1.0
7408,60217,1.0
7410,29955,2.0
7410,34877,2.0
7410,41677,2.0
7420,4630,4.0
7420,7674,1.0
7420,8447,3.0
7420,14126,1.0
7420,22447,1.0
7420,26698,1.0
7420,31678,1.0
7420,33654,1.0
7420,38082,1.0
7420,42599,1.0
7420,48934,2.0
7420,51117,8.0
7420,54823,1.0
7428,9111,1.0
7428,33220,1.0
7428,40853,1.0
7438,11375,1.0
7438,23969,1.0
7438,43938,1.0
7469,34663,1.0
7469,45598,1.0
7469,51159,3.0
7495,36083,1.0
7495,42339,1.0
7495,42863,1.0
7495,55822,1.0
7532,394,2.0
7532,1007,1.0
7532,1313,1.0
7532,2432,8.0
7532,2475,5.0
7532,2478,1.0
7532,2575,1.0
7532,3375,9.0
7532,3376,2.0
7532,3928,1.0
7532,4054,4.0
7532,4177,1.0
7532,4314,1.0
7532,4315,1.0
7532,4866,13.0
7532,5360,1.0
7532,5525,1.0
7532,5536,1.0
7532,5881,2.0
7532,5997,2.0
7532,6107,29.0
7532,6117,1.0
7532,6194,2.0
7532,6656,2.0
7532,6741,1.0
7532,6919,1.0
7532,6947,1.0
7532,7403,5.0
7532,8476,10.0
7532,8707,2.0
7532,9422,1.0
7532,9875,1.0
7532,10387,1.0
7532,10864,2.0
7532,11700,1.0
7532,11884,1.0
7532,12245,1.0
7532,12701,2.0
7532,12710,1.0
7532,12712,1.0
7532,13704,1.0
7532,13955,1.0
7532,14353,2.0
7532,14509,1.0
7532,14856,1.0
7532,15673,1.0
7532,16626,1.0
7532,17148,1.0
7532,17253,1.0
7532,17817,1.0
7532,18014,1.0
7532,18135,1.0
7532,19409,1.0
7532,19484,1.0
7532,20122,1.0
7532,20503,4.0
7532,20561,2.0
7532,20695,7.0
7532,20736,7.0
7532,20765,3.0
7532,21022,1.0
7532,21030,1.0
7532,21094,1.0
7532,21095,1.0
7532,21096,1.0
7532,22056,1.0
7532,22070,4.0
7532,22639,1.0
7532,22707,7.0
7532,22838,1.0
7532,22895,2.0
7532,23132,1.0
7532,23490,1.0
7532,23968,2.0
7532,24166,1.0
7532,24778,1.0
7532,25250,2.0
7532,25577,2.0
7532,25905,2.0
7532,26606,1.0
7532,27433,2.0
7532,28020,4.0
7532,29104,2.0
7532,29107,1.0
7532,29403,2.0
7532,29446,4.0
7532,29748,2.0
7532,30001,1.0
7532,30309,7.0
7532,30480,2.0
7532,30792,4.0
7532,32005,1.0
7532,32076,1.0
7532,33087,1.0
7532,33763,1.0
7532,33959,1.0
7532,34019,4.0
7532,34778,1.0
7532,35094,1.0
7532,35147,2.0
7532,35192,1.0
7532,35269,1.0
7532,35951,1.0
7532,36791,24.0
7532,36900,1.0
7532,36922,1.0
7532,36923,1.0
7532,36959,2.0
7532,37545,14.0
7532,37574,2.0
7532,37790,2.0
7532,37834,1.0
7532,38358,1.0
7532,38406,3.0
7532,39477,1.0
7532,39523,1.0
7532,39542,3.0
7532,40009,2.0
7532,40010,4.0
7532,40116,4.0
7532,40177,3.0
7532,40180,2.0
7532,40255,3.0
7532,40400,2.0
7532,40401,1.0
7532,40706,1.0
7532,41236,3.0
7532,41352,1.0
7532,41969,1.0
7532,42293,5.0
7532,42469,1.0
7532,42954,2.0
7532,43706,1.0
7532,43862,1.0
7532,44171,1.0
7532,44293,1.0
7532,44957,1.0
7532,45139,1.0
7532,45301,1.0
7532,45429,1.0
7532,45740,1.0
7532,45962,1.0
7532,46449,4.0
7532,46905,1.0
7532,47104,1.0
7532,47424,4.0
7532,48424,1.0
7532,48757,2.0
7532,49425,1.0
7532,49658,1.0
7532,49659,2.0
7532,50073,1.0
7532,50075,1.0
7532,51731,1.0
7532,52447,1.0
7532,52636,1.0
7532,52944,1.0
7532,53128,1.0
7532,53231,4.0
7532,54811,1.0
7532,55489,1.0
7532,55617,1.0
7532,55917,1.0
7532,56496,1.0
7532,56623,1.0
7532,57373,1.0
7532,57839,1.0
7532,58821,1.0
7532,59027,1.0
7532,59362,1.0
7532,59414,1.0
7532,59490,1.0
7532,59639,1.0
7532,59872,4.0
7532,60116,2.0
7532,60117,2.0
7532,60254,2.0
7532,60266,1.0
7532,60310,4.0
7532,60554,1.0
7542,21423,1.0
7542,36780,1.0
7582,11751,1.0
7582,14554,2.0
7582,27309,1.0
7582,27358,1.0
7582,27359,1.0
7582,34292,1.0
7582,40550,1.0
7582,60557,1.0
7639,43086,1.0
7639,59953,3.0
7674,8447,1.0
7674,48934,1.0
7713,8649,1.0
7713,32115,1.0
7723,4002,1.0
7723,9135,1.0
7723,20431,1.0
7723,27921,1.0
7723,41039,1.0
7723,43892,1.0
7723,44004,1.0
7723,44466,1.0
7723,44929,1.0
7723,46818,1.0
7723,58636,1.0
7723,58638,1.0
7723,59460,1.0
7745,26816,1.0
7751,32384,1.0
7757,28897,1.0
7757,33510,1.0
7757,40234,1.0
7757,44368,1.0
7757,47511,1.0
7758,11390,2.0
7758,12385,2.0
7758,16586,2.0
7758,16965,2.0
7758,19660,2.0
7758,22009,2.0
7758,23735,2.0
7758,24966,2.0
7758,27376,2.0
7758,29346,2.0
7758,30825,2.0
7758,32068,2.0
7758,35534,2.0
7758,36870,2.0
7758,36946,2.0
7758,41486,2.0
7758,41844,2.0
7758,42017,2.0
7758,43773,2.0
7758,43979,2.0
7758,44490,2.0
7758,47115,2.0
7758,47468,2.0
7758,48185,2.0
7758,49397,2.0
7758,49832,2.0
7758,50268,2.0
7758,51476,2.0
7758,51814,2.0
7758,57730,2.0
7760,13274,1.0
7760,24142,1.0
7760,25297,1.0
7760,27336,1.0
7760,30191,1.0
7760,31700,1.0
7760,32539,1.0
7760,37666,1.0
7760,41455,1.0
7760,43911,1.0
7760,51120,1.0
7760,56897,1.0
7760,57250,1.0
7760,57361,1.0
7843,19082,1.0
7843,21024,1.0
7843,24933,1.0
7843,35382,1.0
7843,43572,1.0
7843,45269,1.0
7843,56358,1.0
7900,8212,1.0
7900,15596,2.0
7900,15599,3.0
7900,23920,2.0
7900,24376,1.0
7900,25683,1.0
7900,33489,2.0
7900,33494,1.0
7900,46387,2.0
7900,48824,2.0
7900,50717,1.0
7900,51675,2.0
7900,56271,1.0
7900,57366,3.0
7900,58664,2.0
7937,4597,1.0
7937,16493,1.0
7937,29289,1.0
7937,34374,1.0
7937,38627,1.0
7937,53973,1.0
8017,13765,1.0
8064,18846,1.0
8064,20196,1.0
8064,21421,1.0
8064,26995,1.0
8064,31241,1.0
8064,37981,1.0
8064,43740,1.0
8064,52498,1.0
8064,53210,1.0
8064,59425,1.0
8064,60317,1.0
8097,14057,1.0
8097,25250,1.0
8097,28298,1.0
8132,10390,1.0
8132,31839,1.0
8177,12116,1.0
8177,19351,2.0
8177,47734,2.0
8212,24376,1.0
8212,25683,1.0
8212,33494,1.0
8212,56271,1.0
8212,57366,1.0
8230,19442,1.0
8230,21900,1.0
8261,15665,1.0
8261,20049,1.0
8261,20635,1.0
8261,37882,1.0
8261,39813,1.0
8296,14095,1.0
8296,28907,1.0
8296,39524,1.0
8328,9157,1.0
8328,11286,1.0
8328,19116,1.0
8328,22798,1.0
8328,26744,1.0
8328,32557,1.0
8328,49440,1.0
8328,56625,1.0
8328,60004,1.0
8335,39259,1.0
8335,44534,1.0
8355,19087,1.0
8355,23159,1.0
8355,58563,1.0
8406,8503,1.0
8406,9092,1.0
8406,14041,1.0
8406,26012,1.0
8406,38081,1.0
8406,55910,1.0
8418,23296,1.0
8418,38461,1.0
8446,1415,1.0
8446,1965,5.0
8446,2317,7.0
8446,4080,1.0
8446,4237,1.0
8446,4630,3.0
8446,5310,1.0
8446,5467,2.0
8446,5485,2.0
8446,6038,2.0
8446,6117,2.0
8446,7405,2.0
8446,7420,11.0
8446,7911,3.0
8446,8479,3.0
8446,8480,20.0
8446,8481,1.0
8446,8903,1.0
8446,8977,1.0
8446,9550,1.0
8446,9982,1.0
8446,10041,1.0
8446,10126,1.0
8446,10387,4.0
8446,10470,2.0
8446,10822,1.0
8446,11810,1.0
8446,12045,1.0
8446,12071,2.0
8446,12262,1.0
8446,12478,6.0
8446,12491,5.0
8446,12769,1.0
8446,12775,1.0
8446,12820,1.0
8446,12911,2.0
8446,13233,1.0
8446,14126,1.0
8446,14659,1.0
8446,14923,1.0
8446,14948,1.0
8446,15249,2.0
8446,15310,2.0
8446,15742,1.0
8446,16109,6.0
8446,16550,1.0
8446,17263,1.0
8446,17613,12.0
8446,17906,1.0
8446,18013,1.0
8446,18014,2.0
8446,18015,1.0
8446,18539,1.0
8446,18669,1.0
8446,18865,1.0
8446,18953,1.0
8446,19175,1.0
8446,20662,1.0
8446,21526,1.0
8446,21996,9.0
8446,22009,1.0
8446,22316,2.0
8446,22447,6.0
8446,22645,1.0
8446,22816,1.0
8446,23181,1.0
8446,23308,1.0
8446,23639,12.0
8446,23668,1.0
8446,23669,2.0
8446,24009,1.0
8446,24010,1.0
8446,24037,3.0
8446,24132,7.0
8446,24335,2.0
8446,24368,1.0
8446,24450,1.0
8446,24557,3.0
8446,24931,1.0
8446,25634,1.0
8446,25976,1.0
8446,26641,1.0
8446,26698,1.0
8446,27053,1.0
8446,27881,1.0
8446,28127,1.0
8446,28157,1.0
8446,28783,1.0
8446,28784,1.0
8446,29681,2.0
8446,29795,2.0
8446,29904,3.0
8446,30353,5.0
8446,30355,1.0
8446,30847,1.0
8446,31161,1.0
8446,31678,3.0
8446,32603,1.0
8446,32716,1.0
8446,33654,3.0
8446,34103,1.0
8446,34519,1.0
8446,34893,1.0
8446,36309,1.0
8446,36352,1.0
8446,36881,1.0
8446,36930,2.0
8446,37132,13.0
8446,37186,1.0
8446,37320,2.0
8446,38082,1.0
8446,38372,1.0
8446,38373,1.0
8446,38698,1.0
8446,39362,1.0
8446,39598,1.0
8446,39801,1.0
8446,39916,10.0
8446,40116,6.0
8446,40181,1.0
8446,40400,2.0
8446,40477,1.0
8446,42483,1.0
8446,42599,3.0
8446,42600,10.0
8446,42601,1.0
8446,42860,2.0
8446,43028,5.0
8446,43344,4.0
8446,43345,14.0
8446,43346,1.0
8446,43758,1.0
8446,46188,1.0
8446,46673,3.0
8446,46937,1.0
8446,46957,1.0
8446,47585,1.0
8446,47938,1.0
8446,48934,1.0
8446,48935,1.0
8446,49882,1.0
8446,50792,1.0
8446,51117,12.0
8446,52198,1.0
8446,52256,1.0
8446,54635,6.0
8446,54636,2.0
8446,54939,1.0
8446,55035,7.0
8446,55136,1.0
8446,55173,1.0
8446,55489,1.0
8446,57026,1.0
8446,57623,1.0
8446,57633,1.0
8446,57964,1.0
8446,58285,1.0
8446,58287,1.0
8446,58384,1.0
8446,58668,1.0
8446,58991,2.0
8446,59025,2.0
8446,59109,1.0
8446,59405,1.0
8446,59419,2.0
8446,59627,1.0
8446,59643,1.0
8446,60175,2.0
8446,60221,1.0
8446,60279,2.0
8446,60372,1.0
8446,60443,1.0
8446,60444,1.0
8446,60494,1.0
8447,8482,3.0
8447,9910,1.0
8447,13233,1.0
8447,20993,1.0
8447,22447,1.0
8447,24161,1.0
8447,33655,1.0
8447,42599,2.0
8447,48934,1.0
8447,54823,1.0
8447,55173,1.0
8455,8843,1.0
8455,43679,2.0
8455,60554,1.0
8469,41932,2.0
8471,29925,1.0
8476,11700,1.0
8476,18135,1.0
8476,19484,1.0
8476,23132,1.0
8476,29104,1.0
8476,32005,1.0
8476,37545,10.0
8476,43706,1.0
8476,50075,1.0
8476,53128,1.0
8476,59362,1.0
8479,14659,1.0
8480,5467,2.0
8480,7420,1.0
8480,10041,1.0
8480,10470,1.0
8480,12775,1.0
8480,15742,1.0
8480,18014,2.0
8480,18015,1.0
8480,18539,1.0
8480,19175,1.0
8480,22316,2.0
8480,24010,1.0
8480,24037,1.0
8480,24132,1.0
8480,26698,1.0
8480,28157,1.0
8480,33654,2.0
8480,36309,1.0
8480,37320,2.0
8480,38698,1.0
8480,39598,1.0
8480,40116,4.0
8480,42599,2.0
8480,42600,1.0
8480,43028,3.0
8480,47938,1.0
8480,48934,1.0
8480,60279,1.0
8482,9910,1.0
8482,24161,1.0
8482,33655,1.0
8503,9092,1.0
8503,14041,1.0
8503,26012,1.0
8503,38081,1.0
8503,55910,1.0
8512,16622,1.0
8512,19151,1.0
8512,23080,1.0
8512,25657,1.0
8512,43672,1.0
8512,57296,1.0
8596,13917,1.0
8596,16482,1.0
8596,33505,1.0
8596,41743,1.0
8610,44280,2.0
8615,11527,1.0
8619,32717,1.0
8619,56158,1.0
8649,32115,1.0
8652,50185,1.0
8681,42748,1.0
8682,12109,1.0
8682,24629,1.0
8682,27461,1.0
8682,35977,1.0
8682,38019,1.0
8707,20765,2.0
8707,60117,2.0
8709,17593,1.0
8709,47566,1.0
8709,52359,1.0
8709,60273,1.0
8766,8778,1.0
8766,59105,1.0
8778,34019,1.0
8778,59105,1.0
8785,2528,1.0
8785,15173,1.0
8785,32138,1.0
8785,40010,1.0
8785,42144,1.0
8785,58665,1.0
8843,15567,1.0
8843,15572,1.0
8843,25605,1.0
8843,45179,1.0
8843,60553,1.0
8901,12413,2.0
8901,12478,2.0
8901,15316,2.0
8901,16323,2.0
8901,16459,2.0
8901,16733,2.0
8901,16927,2.0
8901,17717,2.0
8901,18090,2.0
8901,19607,2.0
8901,21883,2.0
8901,23308,2.0
8901,23311,2.0
8901,23564,2.0
8901,24906,2.0
8901,26039,2.0
8901,27660,2.0
8901,29156,2.0
8901,29403,2.0
8901,29990,2.0
8901,34707,2.0
8901,34901,2.0
8901,37181,2.0
8901,37849,2.0
8901,37891,2.0
8901,41444,2.0
8901,42543,2.0
8901,45437,2.0
8901,47601,2.0
8901,48903,2.0
8901,52298,2.0
8901,52421,2.0
8901,53145,2.0
8901,55232,2.0
8901,55467,2.0
8901,56563,2.0
8901,56839,2.0
8901,57623,2.0
8901,59229,2.0
8901,59650,2.0
8901,60457,2.0
8903,624,1.0
8903,1820,1.0
8903,2794,1.0
8903,4885,1.0
8903,5799,1.0
8903,10126,1.0
8903,10387,1.0
8903,11810,1.0
8903,12045,2.0
8903,12413,1.0
8903,12478,1.0
8903,14923,1.0
8903,15310,1.0
8903,15316,1.0
8903,16323,1.0
8903,16459,1.0
8903,16550,1.0
8903,16733,1.0
8903,16927,1.0
8903,17263,1.0
8903,17717,1.0
8903,18090,1.0
8903,18669,1.0
8903,18953,1.0
8903,19607,1.0
8903,21526,1.0
8903,21883,1.0
8903,22645,1.0
8903,22816,1.0
8903,23181,1.0
8903,23308,1.0
8903,23564,1.0
8903,24450,1.0
8903,24907,1.0
8903,24931,2.0
8903,25976,1.0
8903,26039,1.0
8903,26641,1.0
8903,27660,1.0
8903,29156,1.0
8903,29403,1.0
8903,29990,1.0
8903,30847,1.0
8903,32603,1.0
8903,32716,1.0
8903,34519,1.0
8903,34901,1.0
8903,36352,1.0
8903,36881,1.0
8903,37181,1.0
8903,37186,1.0
8903,37849,1.0
8903,39362,1.0
8903,39801,1.0
8903,40477,1.0
8903,41444,1.0
8903,42483,1.0
8903,42915,1.0
8903,43758,2.0
8903,45438,1.0
8903,46188,1.0
8903,46957,1.0
8903,47585,1.0
8903,47601,1.0
8903,48903,1.0
8903,52298,1.0
8903,52421,1.0
8903,53145,1.0
8903,54939,1.0
8903,55136,1.0
8903,55467,1.0
8903,55489,1.0
8903,56563,1.0
8903,57623,1.0
8903,57964,1.0
8903,58668,1.0
8903,58991,1.0
8903,59231,1.0
8903,59405,1.0
8903,59627,2.0
8903,59651,1.0
8903,60175,2.0
8903,60372,1.0
8903,60457,1.0
8925,54847,1.0
8950,24910,1.0
8950,26322,1.0
8950,42554,1.0
9017,11747,1.0
9017,44204,1.0
9017,52457,1.0
9018,13553,1.0
9018,37263,1.0
9018,54881,1.0
9092,14041,1.0
9092,26012,1.0
9092,38081,1.0
9092,55910,1.0
9094,25420,1.0
9111,33220,1.0
9111,40853,1.0
9130,40852,1.0
9130,41515,1.0
9135,11711,1.0
9135,12595,2.0
9135,14641,1.0
9135,22846,1.0
9135,32117,1.0
9135,37556,1.0
9135,43605,4.0
9135,44004,7.0
9135,44005,2.0
9135,44929,3.0
9135,49689,1.0
9135,58637,1.0
9135,58638,3.0
9135,59460,1.0
9137,37202,1.0
9151,21411,1.0
9151,38866,1.0
9151,43574,1.0
9157,11286,1.0
9157,19116,1.0
9157,22798,1.0
9157,26744,1.0
9157,32557,1.0
9157,49440,1.0
9157,56625,1.0
9157,60004,1.0
9165,11797,1.0
9165,49324,1.0
9165,54889,1.0
9165,58930,1.0
9174,15287,1.0
9174,42617,1.0
9338,9452,1.0
9338,32837,1.0
9338,45785,1.0
9338,53126,1.0
9338,60220,1.0
9376,14733,1.0
9422,9875,1.0
9422,14856,1.0
9422,21030,1.0
9422,23490,1.0
9422,24166,1.0
9422,24778,1.0
9422,29748,1.0
9422,42469,1.0
9422,44293,1.0
9422,45139,1.0
9422,45740,1.0
9422,52447,1.0
9422,55917,1.0
9422,56496,1.0
9422,58821,1.0
9447,34899,2.0
9489,18797,1.0
9490,31501,1.0
9519,20593,1.0
9519,26167,1.0
9519,42278,1.0
9519,58156,1.0
9539,10072,1.0
9539,16610,1.0
9539,21348,1.0
9539,56238,1.0
9550,24009,1.0
9550,27053,1.0
9573,51159,1.0
9690,24069,1.0
9690,27829,1.0
9690,32173,1.0
9690,35303,1.0
9690,47954,1.0
9691,15602,1.0
9691,37640,1.0
9691,44878,1.0
9691,57132,1.0
9718,11748,1.0
9763,4320,1.0
9763,7036,2.0
9763,11747,1.0
9763,14369,1.0
9763,20589,1.0
9763,22512,1.0
9763,27964,2.0
9763,29815,1.0
9763,33050,1.0
9763,38890,2.0
9763,43918,1.0
9763,44204,1.0
9763,51476,1.0
9763,52974,2.0
9763,54461,1.0
9763,54462,1.0
9763,54463,1.0
9763,54653,1.0
9763,54654,2.0
9763,55454,2.0
9763,55598,1.0
9763,57493,2.0
9763,58752,3.0
9792,33541,1.0
9792,34010,1.0
9812,38404,1.0
9875,14856,1.0
9875,21030,1.0
9875,23490,1.0
9875,24166,1.0
9875,24778,1.0
9875,29748,1.0
9875,42469,1.0
9875,44293,1.0
9875,45139,1.0
9875,45740,1.0
9875,52447,1.0
9875,55917,1.0
9875,56496,1.0
9875,58821,1.0
9982,12262,1.0
9982,30355,1.0
9982,46673,1.0
10041,18015,1.0
10041,21995,1.0
10072,8682,2.0
10072,12934,1.0
10072,16610,1.0
10072,19726,4.0
10072,21348,1.0
10072,36546,1.0
10072,49245,1.0
10072,56238,1.0
10081,22932,1.0
10081,25264,1.0
10081,26079,1.0
10081,30390,1.0
10081,37182,1.0
10081,60060,1.0
10082,2643,1.0
10082,15733,2.0
10082,19060,1.0
10082,24196,1.0
10082,31145,1.0
10082,33087,1.0
10082,49249,1.0
10082,55113,1.0
10082,58752,1.0
10110,28760,1.0
10110,30243,1.0
10110,42264,1.0
10110,45097,1.0
10126,10387,1.0
10126,11810,1.0
10126,12045,1.0
10126,14923,1.0
10126,15310,1.0
10126,16550,1.0
10126,17263,1.0
10126,18669,1.0
10126,18953,1.0
10126,21526,1.0
10126,22645,1.0
10126,22816,1.0
10126,23181,1.0
10126,24450,1.0
10126,24931,1.0
10126,25976,1.0
10126,26641,1.0
10126,30847,1.0
10126,32603,1.0
10126,32716,1.0
10126,34519,1.0
10126,36352,1.0
10126,36881,1.0
10126,37186,1.0
10126,39362,1.0
10126,39801,1.0
10126,40477,1.0
10126,42483,1.0
10126,43758,1.0
10126,46188,1.0
10126,46957,1.0
10126,47585,1.0
10126,54939,1.0
10126,55136,1.0
10126,55489,1.0
10126,57964,1.0
10126,58668,1.0
10126,58991,1.0
10126,59405,1.0
10126,59627,1.0
10126,60175,1.0
10126,60372,1.0
10147,20404,1.0
10147,59599,1.0
10249,42281,1.0
10249,44731,2.0
10290,16598,1.0
10359,7036,1.0
10359,11747,1.0
10359,15572,1.0
10359,23224,1.0
10359,27964,1.0
10359,33546,1.0
10359,34899,1.0
10359,38890,1.0
10359,44204,1.0
10359,52974,1.0
10359,54463,1.0
10359,54654,1.0
10359,57493,1.0
10359,58262,1.0
10359,60554,1.0
10375,16107,1.0
10375,21189,1.0
10375,29396,1.0
10375,35826,1.0
10375,42069,1.0
10375,51404,1.0
10375,52076,1.0
10387,2589,1.0
10387,9690,1.0
10387,10816,1.0
10387,11810,1.0
10387,12045,1.0
10387,12071,1.0
10387,12478,1.0
10387,14923,1.0
10387,15310,1.0
10387,16550,1.0
10387,17263,1.0
10387,17805,1.0
10387,18669,1.0
10387,18953,1.0
10387,21419,2.0
10387,21526,1.0
10387,22645,1.0
10387,22816,1.0
10387,23181,1.0
10387,24069,1.0
10387,24450,1.0
10387,24931,1.0
10387,25976,1.0
10387,26641,1.0
10387,27829,1.0
10387,30847,1.0
10387,32173,1.0
10387,32603,1.0
10387,32716,1.0
10387,34519,1.0
10387,35303,1.0
10387,36352,1.0
10387,36881,1.0
10387,37186,1.0
10387,39362,1.0
10387,39801,1.0
10387,40477,1.0
10387,42483,1.0
10387,43758,1.0
10387,46188,1.0
10387,46957,1.0
10387,47585,1.0
10387,47954,1.0
10387,54939,1.0
10387,55035,1.0
10387,55136,1.0
10387,55489,1.0
10387,57964,1.0
10387,58668,1.0
10387,58991,1.0
10387,59405,1.0
10387,59627,1.0
10387,60175,1.0
10387,60372,1.0
10390,31839,1.0
10433,2643,2.0
10433,11896,1.0
10433,16303,1.0
10433,18273,2.0
10433,19460,1.0
10433,19726,1.0
10433,23758,1.0
10433,24170,2.0
10433,24196,1.0
10433,26480,1.0
10433,30815,1.0
10433,31145,2.0
10433,31501,1.0
10433,31801,3.0
10433,40726,1.0
10433,41113,1.0
10433,44494,1.0
10433,46500,1.0
10433,48728,1.0
10433,50290,2.0
10433,51993,1.0
10433,54309,1.0
10433,55113,3.0
10433,57957,1.0
10433,60077,1.0
10470,2856,1.0
10470,8479,1.0
10470,14659,1.0
10470,14672,1.0
10470,19522,1.0
10470,39598,1.0
10470,39681,1.0
10470,43028,3.0
10470,47938,2.0
10470,60033,1.0
10491,14194,1.0
10491,22474,1.0
10491,27756,1.0
10491,47958,1.0
10491,55610,1.0
10612,4744,1.0
10612,6450,2.0
10612,8610,2.0
10612,12025,1.0
10612,19736,1.0
10612,22550,1.0
10612,24492,1.0
10612,33072,1.0
10612,33616,1.0
10612,35607,1.0
10612,35944,1.0
10612,40743,1.0
10612,40744,1.0
10612,42325,1.0
10612,44280,2.0
10612,50043,1.0
10612,52484,2.0
10612,55878,1.0
10612,56544,1.0
10612,57679,1.0
10612,57900,1.0
10612,59561,1.0
10618,12909,1.0
10649,35612,1.0
10654,25402,1.0
10654,38720,1.0
10741,30807,1.0
10743,19129,1.0
10743,20913,2.0
10743,23957,2.0
10743,57904,1.0
10744,57907,1.0
10775,12114,1.0
10775,16090,1.0
10775,42390,1.0
10775,58880,1.0
10806,24877,1.0
10806,41172,1.0
10806,53992,1.0
10816,9690,1.0
10816,9691,1.0
10816,15602,1.0
10816,24069,1.0
10816,27829,1.0
10816,28744,1.0
10816,32173,1.0
10816,35303,2.0
10816,36338,1.0
10816,37640,1.0
10816,41420,1.0
10816,43898,1.0
10816,44824,1.0
10816,44878,1.0
10816,47042,1.0
10816,47954,1.0
10816,50009,1.0
10816,50690,2.0
10816,57132,1.0
10816,60221,1.0
10821,50921,1.0
10822,52256,1.0
10846,13174,2.0
10846,25210,2.0
10846,27953,2.0
10846,36791,2.0
10846,40177,2.0
10846,48387,2.0
10846,53488,2.0
10846,54868,2.0
10854,11065,1.0
10864,52635,1.0
10864,54454,1.0
10864,60554,1.0
10896,42504,1.0
10908,27317,1.0
10918,14563,1.0
10918,19118,1.0
10918,40228,1.0
10918,45785,2.0
10918,53118,1.0
10918,53126,1.0
10918,54131,1.0
10930,40858,1.0
10981,17378,2.0
10981,33725,2.0
10981,40646,2.0
11052,45105,1.0
11053,15587,1.0
11053,36217,1.0
11053,45105,2.0
11054,45105,2.0
11056,20863,1.0
11056,29276,1.0
11056,35488,1.0
11084,26282,1.0
11084,59180,1.0
11092,22122,1.0
11092,26607,1.0
11092,43474,1.0
11109,40858,1.0
11130,31569,4.0
11130,31705,1.0
11130,39745,2.0
11130,45098,1.0
11130,48822,3.0
11228,36528,1.0
11228,45721,1.0
11275,35200,1.0
11286,19116,1.0
11286,22798,1.0
11286,26744,1.0
11286,32557,1.0
11286,49440,1.0
11286,56625,1.0
11286,60004,1.0
11318,21316,1.0
11318,23574,1.0
11318,25327,1.0
11318,30299,1.0
11318,34265,1.0
11318,35537,1.0
11318,40566,1.0
11375,23969,1.0
11375,43938,1.0
11390,12385,2.0
11390,16586,2.0
11390,16965,2.0
11390,19660,2.0
11390,22009,2.0
11390,23735,2.0
11390,24966,2.0
11390,27376,2.0
11390,29346,2.0
11390,30825,2.0
11390,32068,2.0
11390,35534,2.0
11390,36870,2.0
11390,36946,2.0
11390,41486,2.0
11390,41844,2.0
11390,42017,2.0
11390,43773,2.0
11390,43979,2.0
11390,44490,2.0
11390,47115,2.0
11390,47468,2.0
11390,48185,2.0
11390,49397,2.0
11390,49832,2.0
11390,50268,2.0
11390,51476,2.0
11390,51814,2.0
11390,57730,2.0
11487,15625,1.0
11487,21191,1.0
11487,23733,1.0
11487,34096,1.0
11487,44161,1.0
11487,49193,1.0
11488,20398,1.0
11488,21377,1.0
11488,30605,1.0
11488,47227,1.0
11488,49055,1.0
11698,24230,1.0
11698,50251,1.0
11711,37556,1.0
11713,2808,2.0
11713,4906,1.0
11713,10424,1.0
11713,13919,4.0
11713,14554,1.0
11713,15433,1.0
11713,17043,1.0
11713,19726,1.0
11713,21368,2.0
11713,24170,7.0
11713,30439,2.0
11713,30815,1.0
11713,36316,1.0
11713,39551,1.0
11713,41005,1.0
11713,42275,1.0
11713,43095,1.0
11713,46282,7.0
11713,46283,1.0
11713,55420,1.0
11713,59104,1.0
11713,60134,1.0
11713,60261,1.0
11747,20589,1.0
11747,22512,1.0
11747,23224,1.0
11747,33546,1.0
11747,44204,3.0
11747,52457,1.0
11747,54461,1.0
11747,58262,1.0
11749,11834,1.0
11751,27309,1.0
11751,34292,1.0
11751,40550,1.0
11751,60557,1.0
11797,49324,1.0
11797,54889,1.0
11797,58930,1.0
11810,12045,1.0
11810,14923,1.0
11810,15310,1.0
11810,16550,1.0
11810,17263,1.0
11810,18669,1.0
11810,18953,1.0
11810,21526,1.0
11810,22645,1.0
11810,22816,1.0
11810,23181,1.0
11810,24450,1.0
11810,24931,1.0
11810,25976,1.0
11810,26641,1.0
11810,30847,1.0
11810,32603,1.0
11810,32716,1.0
11810,34519,1.0
11810,36352,1.0
11810,36881,1.0
11810,37186,1.0
11810,39362,1.0
11810,39801,1.0
11810,40477,1.0
11810,42483,1.0
11810,43758,1.0
11810,46188,1.0
11810,46957,1.0
11810,47585,1.0
11810,54939,1.0
11810,55136,1.0
11810,55489,1.0
11810,57964,1.0
11810,58668,1.0
11810,58991,1.0
11810,59405,1.0
11810,59627,1.0
11810,60175,1.0
11810,60372,1.0
11884,17253,1.0
11884,30480,1.0
11884,40706,1.0
11896,17429,1.0
11896,34988,1.0
11896,44494,2.0
11896,45997,1.0
11896,57957,2.0
11896,60077,1.0
11909,9018,1.0
11909,13553,1.0
11909,17302,1.0
11909,22452,1.0
11909,37263,1.0
11909,54881,1.0
11909,56619,1.0
11909,56841,1.0
11963,19162,1.0
11963,36421,1.0
11963,56012,1.0
11963,56093,1.0
11963,59949,1.0
11996,14634,1.0
11996,27929,1.0
11996,39940,1.0
11996,54421,1.0
12025,4744,1.0
12025,35944,1.0
12025,55878,1.0
12025,56544,1.0
12025,57679,1.0
12045,624,3.0
12045,1820,3.0
12045,2794,3.0
12045,4885,3.0
12045,5799,3.0
12045,8901,2.0
12045,12413,3.0
12045,12478,3.0
12045,14923,1.0
12045,15310,1.0
12045,15316,3.0
12045,16323,3.0
12045,16459,3.0
12045,16550,1.0
12045,16733,3.0
12045,16927,3.0
12045,17263,3.0
12045,17717,3.0
12045,18090,3.0
12045,18669,1.0
12045,18953,1.0
12045,19607,3.0
12045,21526,1.0
12045,21883,3.0
12045,22645,1.0
12045,22816,1.0
12045,23181,1.0
12045,23308,3.0
12045,23311,2.0
12045,23564,3.0
12045,24450,1.0
12045,24906,2.0
12045,24907,1.0
12045,24931,4.0
12045,25976,1.0
12045,26039,3.0
12045,26641,1.0
12045,27249,1.0
12045,27660,3.0
12045,29156,3.0
12045,29403,3.0
12045,29990,3.0
12045,30847,1.0
12045,32603,1.0
12045,32716,1.0
12045,34519,1.0
12045,34707,2.0
12045,34901,3.0
12045,36352,1.0
12045,36881,1.0
12045,37181,3.0
12045,37186,1.0
12045,37849,3.0
12045,37891,2.0
12045,39362,1.0
12045,39801,1.0
12045,40010,1.0
12045,40477,1.0
12045,41444,3.0
12045,42483,1.0
12045,42543,2.0
12045,42915,1.0
12045,43758,4.0
12045,45437,2.0
12045,45438,1.0
12045,46188,1.0
12045,46957,1.0
12045,47585,1.0
12045,47601,3.0
12045,48903,3.0
12045,50278,1.0
12045,52298,3.0
12045,52421,3.0
12045,53145,3.0
12045,54897,1.0
12045,54939,1.0
12045,55136,1.0
12045,55232,2.0
12045,55467,3.0
12045,55489,1.0
12045,55507,1.0
12045,56563,3.0
12045,56839,2.0
12045,57623,3.0
12045,57964,1.0
12045,58668,1.0
12045,58991,1.0
12045,59229,2.0
12045,59231,1.0
12045,59405,1.0
12045,59627,4.0
12045,59650,2.0
12045,59651,1.0
12045,60175,4.0
12045,60372,1.0
12045,60457,3.0
12109,8681,1.0
12109,24629,1.0
12109,27461,1.0
12109,35977,1.0
12109,38019,1.0
12109,42748,1.0
12114,9130,1.0
12114,16090,2.0
12114,30777,1.0
12114,40852,2.0
12114,41515,1.0
12114,42390,2.0
12114,43590,1.0
12114,47109,1.0
12114,57388,1.0
12114,58880,2.0
12116,19351,1.0
12116,47734,1.0
12164,17187,1.0
12164,60546,1.0
12246,12909,2.0
12246,22036,2.0
12246,41791,2.0
12246,49491,2.0
12262,9155,1.0
12262,14165,1.0
12262,20662,1.0
12262,30355,1.0
12262,46673,1.0
12262,58344,1.0
12385,16586,2.0
12385,16965,2.0
12385,19660,2.0
12385,22009,2.0
12385,23735,2.0
12385,24966,2.0
12385,27376,2.0
12385,29346,2.0
12385,30825,2.0
12385,32068,2.0
12385,35534,2.0
12385,36870,2.0
12385,36946,2.0
12385,41486,2.0
12385,41844,2.0
12385,42017,2.0
12385,43773,2.0
12385,43979,2.0
12385,44490,2.0
12385,47115,2.0
12385,47468,2.0
12385,48185,2.0
12385,49397,2.0
12385,49832,2.0
12385,50268,2.0
12385,51476,2.0
12385,51814,2.0
12385,57730,2.0
12413,12478,3.0
12413,15316,3.0
12413,16323,3.0
12413,16459,3.0
12413,16733,3.0
12413,16927,3.0
12413,17717,3.0
12413,18090,3.0
12413,19607,3.0
12413,21883,3.0
12413,23308,3.0
12413,23311,2.0
12413,23564,3.0
12413,24906,2.0
12413,24907,1.0
12413,26039,3.0
12413,27660,3.0
12413,29156,3.0
12413,29403,3.0
12413,29990,3.0
12413,34707,2.0
12413,34901,3.0
12413,37181,3.0
12413,37849,3.0
12413,37891,2.0
12413,41444,3.0
12413,42543,2.0
12413,42915,1.0
12413,45437,2.0
12413,45438,1.0
12413,47601,3.0
12413,48903,3.0
12413,52298,3.0
12413,52421,3.0
12413,53145,3.0
12413,55232,2.0
12413,55467,3.0
12413,56563,3.0
12413,56839,2.0
12413,57623,3.0
12413,59229,2.0
12413,59231,1.0
12413,59650,2.0
12413,59651,1.0
12413,60457,3.0
12478,4080,1.0
12478,9550,1.0
12478,12071,2.0
12478,12491,1.0
12478,15316,3.0
12478,16323,3.0
12478,16459,3.0
12478,16733,3.0
12478,16927,3.0
12478,17717,3.0
12478,18090,3.0
12478,19607,3.0
12478,21883,3.0
12478,23308,3.0
12478,23311,2.0
12478,23564,3.0
12478,24009,1.0
12478,24906,2.0
12478,24907,1.0
12478,26039,3.0
12478,27053,1.0
12478,27660,3.0
12478,29156,3.0
12478,29403,4.0
12478,29990,3.0
12478,30353,1.0
12478,34707,2.0
12478,34901,3.0
12478,37181,3.0
12478,37849,3.0
12478,37891,2.0
12478,41444,3.0
12478,42543,2.0
12478,42915,1.0
12478,45437,2.0
12478,45438,1.0
12478,46673,2.0
12478,47601,3.0
12478,48903,3.0
12478,52298,3.0
12478,52421,3.0
12478,53145,3.0
12478,55035,4.0
12478,55232,2.0
12478,55467,3.0
12478,56563,3.0
12478,56839,2.0
12478,57432,1.0
12478,57623,4.0
12478,57633,1.0
12478,59229,2.0
12478,59231,1.0
12478,59643,1.0
12478,59650,2.0
12478,59651,1.0
12478,60457,3.0
12491,7911,1.0
12491,23639,1.0
12491,30353,4.0
12491,46673,1.0
12491,55035,1.0
12516,3637,1.0
12516,15583,1.0
12516,16689,2.0
12516,21567,1.0
12516,24960,1.0
12516,27962,1.0
12516,30661,1.0
12516,48424,1.0
12516,52129,1.0
12516,55734,1.0
12595,22183,1.0
12595,43605,2.0
12645,8017,1.0
12645,13765,1.0
12645,15937,1.0
12645,40116,1.0
12645,47008,1.0
12645,52147,1.0
12681,49026,1.0
12681,57375,1.0
12700,31901,1.0
12700,42293,1.0
12700,44964,1.0
12700,54902,1.0
12701,22070,2.0
12701,42293,2.0
12703,34514,1.0
12703,34515,2.0
12703,50437,1.0
12703,60515,3.0
12710,42293,1.0
12711,22070,1.0
12711,29015,1.0
12711,42293,1.0
12712,42293,2.0
12757,7745,1.0
12757,26816,1.0
12757,56352,1.0
12757,59508,1.0
12769,16109,1.0
12769,17906,1.0
12769,23668,1.0
12769,24335,1.0
12769,46937,1.0
12769,49882,1.0
12769,59419,1.0
12775,24010,1.0
12775,37320,1.0
12845,52356,1.0
12874,27575,1.0
12874,33855,1.0
12874,50006,1.0
12874,56899,1.0
12874,59343,1.0
12888,46530,1.0
12904,18793,1.0
12904,41492,1.0
12904,54693,1.0
12909,22036,2.0
12909,26689,1.0
12909,36316,1.0
12909,41791,2.0
12909,49491,2.0
12909,60077,1.0
12909,60465,1.0
12911,4138,1.0
12911,6038,2.0
12911,6117,2.0
12911,12769,1.0
12911,14042,1.0
12911,16109,2.0
12911,17906,1.0
12911,23668,1.0
12911,23669,1.0
12911,24335,2.0
12911,29787,1.0
12911,31678,2.0
12911,36427,1.0
12911,40952,1.0
12911,43401,1.0
12911,46937,1.0
12911,49882,1.0
12911,59419,2.0
12913,16309,1.0
12947,13655,1.0
12947,18554,1.0
12947,27927,1.0
12947,45601,1.0
12947,53488,1.0
12956,58550,1.0
12957,26673,2.0
12957,49358,2.0
13013,39493,1.0
13013,47402,1.0
13013,50530,1.0
13057,29274,1.0
13057,29449,1.0
13061,6912,1.0
13061,20928,1.0
13061,20993,1.0
13061,27996,1.0
13061,34087,1.0
13061,35007,1.0
13061,39389,1.0
13061,55753,1.0
13156,53637,1.0
13157,15336,1.0
13157,25210,2.0
13157,27007,1.0
13157,27927,1.0
13157,28298,1.0
13157,31337,1.0
13157,38809,1.0
13157,41128,1.0
13157,53488,1.0
13157,53637,1.0
13174,25210,2.0
13174,36791,2.0
13174,40177,2.0
13174,48387,2.0
13220,18458,2.0
13220,27819,2.0
13220,48246,1.0
13220,48247,1.0
13233,55173,1.0
13252,41016,1.0
13252,52049,1.0
13255,18373,2.0
13255,32862,1.0
13255,39061,1.0
13255,51887,2.0
13255,57591,1.0
13274,20148,1.0
13274,22528,1.0
13274,24142,1.0
13274,25297,1.0
13274,27336,1.0
13274,30191,3.0
13274,30245,1.0
13274,31700,1.0
13274,32539,1.0
13274,37666,1.0
13274,40606,2.0
13274,41455,2.0
13274,43911,1.0
13274,47234,1.0
13274,51120,1.0
13274,56897,1.0
13274,57250,2.0
13274,57361,1.0
13283,13731,1.0
13283,51159,1.0
13335,32349,1.0
13335,34074,1.0
13351,16776,1.0
13351,34747,1.0
13351,45832,1.0
13351,50875,1.0
13351,52742,1.0
13351,53149,1.0
13407,25210,1.0
13407,27927,2.0
13407,32712,1.0
13407,36791,2.0
13407,39112,1.0
13407,39597,1.0
13407,39940,2.0
13407,41604,1.0
13407,49132,1.0
13407,53488,4.0
13407,54099,1.0
13407,54422,3.0
13415,17180,1.0
13415,41938,1.0
13471,13415,1.0
13471,17180,1.0
13471,35488,1.0
13471,39427,1.0
13471,41938,1.0
13553,37263,1.0
13553,54881,1.0
13564,19289,1.0
13564,24495,1.0
13564,31483,1.0
13564,58705,1.0
13594,36838,1.0
13625,14413,1.0
13625,15723,1.0
13625,46088,1.0
13625,47049,1.0
13625,51145,1.0
13649,2914,1.0
13649,6117,1.0
13649,8709,1.0
13649,11554,1.0
13649,11555,1.0
13649,17593,1.0
13649,21121,2.0
13649,40010,1.0
13649,40116,2.0
13649,47566,1.0
13649,52359,1.0
13649,56400,1.0
13649,60273,1.0
13655,15335,1.0
13655,18554,1.0
13655,25250,1.0
13655,27927,2.0
13655,36544,1.0
13655,45601,1.0
13655,53488,1.0
13659,60579,1.0
13677,18458,1.0
13699,18424,1.0
13699,27601,1.0
13699,42501,1.0
13704,13955,1.0
13704,17817,1.0
13704,21096,1.0
13704,26606,1.0
13704,42954,1.0
13704,45301,1.0
13704,50073,1.0
13704,57373,1.0
13704,59027,1.0
13727,8596,1.0
13727,13917,1.0
13727,16482,1.0
13727,33505,1.0
13727,41743,1.0
13731,51159,1.0
13788,16910,1.0
13788,17184,1.0
13788,19587,1.0
13788,20333,3.0
13788,41635,4.0
13788,50067,1.0
13788,52365,1.0
13855,24037,1.0
13855,59957,1.0
13893,17933,1.0
13893,46408,1.0
13917,16482,1.0
13917,33505,1.0
13917,41743,1.0
13919,2648,1.0
13919,2808,1.0
13919,9135,1.0
13919,10433,2.0
13919,11711,1.0
13919,15433,2.0
13919,16303,1.0
13919,17043,1.0
13919,18273,2.0
13919,19460,1.0
13919,23758,1.0
13919,24170,4.0
13919,26245,1.0
13919,26633,1.0
13919,30439,2.0
13919,31801,2.0
13919,37556,1.0
13919,37557,1.0
13919,38936,1.0
13919,39551,1.0
13919,41005,1.0
13919,41039,1.0
13919,42275,1.0
13919,43095,1.0
13919,46283,1.0
13919,50290,2.0
13919,51993,1.0
13919,54309,1.0
13919,55420,1.0
13919,58638,1.0
13919,58752,1.0
13919,60261,2.0
13939,21580,1.0
13939,31182,2.0
13939,59797,1.0
13955,17817,1.0
13955,21096,1.0
13955,26606,1.0
13955,42954,1.0
13955,45301,1.0
13955,50073,1.0
13955,57373,1.0
13955,59027,1.0
14041,26012,1.0
14041,38081,1.0
14041,55910,1.0
14042,5464,1.0
14042,6478,1.0
14042,7428,1.0
14042,9111,1.0
14042,9489,1.0
14042,10290,1.0
14042,10908,1.0
14042,12904,1.0
14042,15108,1.0
14042,15176,4.0
14042,15430,2.0
14042,15431,1.0
14042,15560,1.0
14042,16598,1.0
14042,18793,16.0
14042,18797,5.0
14042,18874,1.0
14042,20041,1.0
14042,21968,1.0
14042,22374,1.0
14042,27317,1.0
14042,29418,1.0
14042,29787,1.0
14042,32242,3.0
14042,33220,1.0
14042,37685,1.0
14042,39340,1.0
14042,40334,1.0
14042,40853,1.0
14042,40950,3.0
14042,40952,2.0
14042,41492,1.0
14042,41591,2.0
14042,44179,1.0
14042,44180,1.0
14042,44181,2.0
14042,50011,1.0
14042,51159,2.0
14042,53592,1.0
14042,54693,1.0
14042,55468,5.0
14042,56848,1.0
14042,60223,1.0
14057,25250,1.0
14057,28298,2.0
14057,53488,1.0
14082,17261,1.0
14085,25250,1.0
14090,4313,1.0
14090,11023,1.0
14090,19579,1.0
14090,21411,1.0
14090,51770,1.0
14194,22474,1.0
14194,27756,1.0
14194,29430,1.0
14194,47958,1.0
14194,55610,2.0
14353,6117,1.0
14353,7240,1.0
14353,12164,1.0
14353,17187,1.0
14353,17188,2.0
14353,20736,1.0
14353,21464,1.0
14353,21465,1.0
14353,22513,1.0
14353,30792,1.0
14353,35754,1.0
14353,37545,1.0
14353,42148,1.0
14353,54908,2.0
14353,60546,1.0
14369,3904,1.0
14369,7036,1.0
14369,7723,1.0
14369,20431,1.0
14369,29815,1.0
14369,33050,1.0
14369,40564,1.0
14369,43892,1.0
14369,50870,1.0
14369,52974,1.0
14369,54462,1.0
14369,54463,1.0
14369,54653,1.0
14369,54654,1.0
14369,55598,1.0
14369,58752,1.0
14379,14663,1.0
14379,42718,1.0
14379,47082,1.0
14379,58166,1.0
14413,51145,1.0
14428,20718,1.0
14451,24587,1.0
14451,26642,1.0
14451,58938,1.0
14451,60068,1.0
14459,25378,1.0
14459,29462,1.0
14491,20327,1.0
14491,23621,3.0
14491,24924,1.0
14491,26889,1.0
14491,29995,1.0
14491,30062,1.0
14491,30076,1.0
14491,35698,1.0
14491,52462,1.0
14493,20507,1.0
14493,24579,1.0
14493,28081,1.0
14493,50773,1.0
14493,58583,1.0
14509,59490,1.0
14509,59639,1.0
14513,28671,1.0
14513,29957,1.0
14513,57589,1.0
14513,57590,1.0
14554,27358,1.0
14554,27359,1.0
14556,35041,1.0
14556,43313,1.0
14556,55259,1.0
14563,53126,1.0
14563,55468,1.0
14564,28273,1.0
14564,51167,1.0
14564,53126,1.0
14564,60220,1.0
14571,33546,1.0
14571,58262,1.0
14634,27929,1.0
14634,39940,1.0
14634,54421,1.0
14641,14757,1.0
14641,19085,1.0
14641,20612,1.0
14641,43605,1.0
14641,44005,2.0
14663,42718,1.0
14663,58166,1.0
14672,19522,1.0
14720,26534,1.0
14720,46890,1.0
14720,47901,1.0
14720,49829,1.0
14720,57908,1.0
14720,59589,1.0
14728,34422,1.0
14733,11768,1.0
14757,20612,1.0
14814,29504,1.0
14856,21030,1.0
14856,23490,1.0
14856,24166,1.0
14856,24778,1.0
14856,29748,1.0
14856,42469,1.0
14856,44293,1.0
14856,45139,1.0
14856,45740,1.0
14856,52447,1.0
14856,55917,1.0
14856,56496,1.0
14856,58821,1.0
14923,15310,1.0
14923,16550,1.0
14923,17263,1.0
14923,18669,1.0
14923,18953,1.0
14923,21526,1.0
14923,22645,1.0
14923,22816,1.0
14923,23181,1.0
14923,24450,1.0
14923,24931,1.0
14923,25976,1.0
14923,26641,1.0
14923,30847,1.0
14923,32603,1.0
14923,32716,1.0
14923,34519,1.0
14923,36352,1.0
14923,36881,1.0
14923,37186,1.0
14923,39362,1.0
14923,39801,1.0
14923,40477,1.0
14923,42483,1.0
14923,43758,1.0
14923,46188,1.0
14923,46957,1.0
14923,47585,1.0
14923,54939,1.0
14923,55136,1.0
14923,55489,1.0
14923,57964,1.0
14923,58668,1.0
14923,58991,1.0
14923,59405,1.0
14923,59627,1.0
14923,60175,1.0
14923,60372,1.0
14974,23545,1.0
14974,34033,1.0
14974,40978,1.0
14980,54309,1.0
15067,53218,1.0
15067,56156,1.0
15108,15430,1.0
15108,37685,1.0
15124,1670,1.0
15124,1728,1.0
15124,5659,3.0
15124,7469,1.0
15124,11084,1.0
15124,12913,1.0
15124,15213,2.0
15124,16307,1.0
15124,16309,1.0
15124,16397,4.0
15124,16655,3.0
15124,17916,2.0
15124,22753,1.0
15124,24906,3.0
15124,24949,4.0
15124,25262,1.0
15124,26282,1.0
15124,26370,6.0
15124,28906,1.0
15124,29363,1.0
15124,29403,5.0
15124,29927,3.0
15124,32074,21.0
15124,32981,1.0
15124,33594,1.0
15124,34663,1.0
15124,35242,3.0
15124,35516,2.0
15124,43965,1.0
15124,45414,1.0
15124,45598,1.0
15124,48684,1.0
15124,48841,1.0
15124,53231,2.0
15124,54378,1.0
15124,59180,1.0
15124,60304,1.0
15125,18260,1.0
15133,49369,2.0
15133,58459,1.0
15173,32138,1.0
15176,18874,1.0
15199,43619,1.0
15199,49103,1.0
15213,11084,1.0
15213,22753,1.0
15213,26282,1.0
15213,59180,1.0
15238,1950,1.0
15238,25861,1.0
15238,30361,1.0
15238,34256,2.0
15238,52291,1.0
15239,14556,1.0
15239,16776,3.0
15239,23152,1.0
15239,24113,1.0
15239,33072,1.0
15239,34747,1.0
15239,35041,1.0
15239,43313,1.0
15239,45656,1.0
15239,45832,1.0
15239,50875,1.0
15239,52742,1.0
15239,53149,1.0
15239,55259,1.0
15249,34893,1.0
15249,40181,1.0
15249,54635,2.0
15287,42617,1.0
15310,16550,1.0
15310,17263,1.0
15310,18669,1.0
15310,18953,1.0
15310,21526,1.0
15310,22645,1.0
15310,22816,1.0
15310,23181,1.0
15310,24450,1.0
15310,24931,1.0
15310,25976,1.0
15310,26641,1.0
15310,28127,1.0
15310,30847,1.0
15310,32603,1.0
15310,32716,1.0
15310,34519,1.0
15310,36352,1.0
15310,36881,1.0
15310,37186,1.0
15310,39362,1.0
15310,39801,1.0
15310,40477,1.0
15310,42483,1.0
15310,43758,1.0
15310,46188,1.0
15310,46957,1.0
15310,47585,1.0
15310,54939,1.0
15310,55136,1.0
15310,55489,1.0
15310,57964,1.0
15310,58668,1.0
15310,58991,2.0
15310,59405,1.0
15310,59627,1.0
15310,60175,2.0
15310,60372,1.0
15312,26954,1.0
15312,53873,1.0
15316,16323,3.0
15316,16459,3.0
15316,16733,3.0
15316,16927,3.0
15316,17717,3.0
15316,18090,3.0
15316,19607,3.0
15316,21883,3.0
15316,23308,3.0
15316,23311,2.0
15316,23564,3.0
15316,24906,2.0
15316,24907,1.0
15316,26039,3.0
15316,27660,3.0
15316,29156,3.0
15316,29403,3.0
15316,29990,3.0
15316,34707,2.0
15316,34901,3.0
15316,37181,3.0
15316,37849,3.0
15316,37891,2.0
15316,41444,3.0
15316,42543,2.0
15316,42915,1.0
15316,45437,2.0
15316,45438,1.0
15316,47601,3.0
15316,48903,3.0
15316,52298,3.0
15316,52421,3.0
15316,53145,3.0
15316,55232,2.0
15316,55467,3.0
15316,56563,3.0
15316,56839,2.0
15316,57623,3.0
15316,59229,2.0
15316,59231,1.0
15316,59650,2.0
15316,59651,1.0
15316,60457,3.0
15335,25250,4.0
15335,27927,1.0
15335,27957,1.0
15335,28361,2.0
15335,34208,2.0
15335,36544,1.0
15335,42040,2.0
15335,53488,6.0
15335,54403,1.0
15335,54422,1.0
15335,54868,5.0
15336,25210,2.0
15336,27007,1.0
15336,27927,1.0
15336,28298,1.0
15336,40225,1.0
15336,49133,1.0
15336,51270,1.0
15336,53488,1.0
15337,21522,1.0
15337,25249,1.0
15337,29294,1.0
15337,46337,1.0
15337,48368,1.0
15337,50424,1.0
15337,51270,1.0
15337,53498,2.0
15337,54201,2.0
15347,17220,1.0
15347,23439,1.0
15347,25494,1.0
15347,30122,1.0
15347,30935,1.0
15347,35764,1.0
15347,36410,1.0
15347,40024,1.0
15347,42560,2.0
15347,45832,1.0
15347,47107,1.0
15347,56332,1.0
15414,23480,1.0
15414,28139,1.0
15414,30014,1.0
15414,56016,1.0
15430,37685,1.0
15431,44181,1.0
15433,2808,1.0
15433,3637,1.0
15433,4482,3.0
15433,6866,2.0
15433,8355,2.0
15433,12516,2.0
15433,16689,5.0
15433,17043,1.0
15433,19087,1.0
15433,19358,1.0
15433,20612,1.0
15433,20616,1.0
15433,23159,1.0
15433,26245,1.0
15433,26633,6.0
15433,27191,1.0
15433,28221,1.0
15433,30843,1.0
15433,42275,1.0
15433,43095,2.0
15433,49417,1.0
15433,49539,1.0
15433,52126,1.0
15433,52461,1.0
15433,54826,1.0
15433,55734,1.0
15433,58563,1.0
15433,60261,12.0
15479,15812,3.0
15479,30500,1.0
15479,40420,1.0
15479,41673,1.0
15479,46492,3.0
15479,54289,1.0
15495,10981,2.0
15495,17378,2.0
15495,33725,2.0
15495,40646,2.0
15495,54348,2.0
15517,28803,1.0
15560,39340,1.0
15567,45179,1.0
15567,60553,1.0
15572,25605,1.0
15572,34899,3.0
15572,52797,1.0
15583,21567,1.0
15583,27962,1.0
15595,38924,1.0
15595,42523,1.0
15595,47008,1.0
15595,53126,2.0
15595,53127,1.0
15595,60015,1.0
15596,23920,2.0
15596,33489,2.0
15596,46387,2.0
15596,57366,2.0
15599,8212,1.0
15599,23920,2.0
15599,24376,1.0
15599,25307,2.0
15599,25683,1.0
15599,33494,1.0
15599,41625,2.0
15599,48824,2.0
15599,50717,1.0
15599,51675,2.0
15599,56271,1.0
15599,57366,1.0
15599,58664,2.0
15602,37640,1.0
15602,44878,1.0
15602,57132,1.0
15616,21899,1.0
15616,32327,1.0
15625,21191,1.0
15625,23733,1.0
15625,34096,1.0
15625,44161,1.0
15625,49193,1.0
15634,20474,2.0
15645,24493,1.0
15665,20049,1.0
15665,20635,1.0
15665,37882,1.0
15665,39813,1.0
15673,47104,1.0
15692,24493,1.0
15693,20736,1.0
15693,24493,1.0
15693,52743,1.0
15723,47049,1.0
15733,2643,2.0
15733,10072,2.0
15733,10433,1.0
15733,19060,1.0
15733,19726,2.0
15733,23967,1.0
15733,24196,1.0
15733,30815,2.0
15733,31145,4.0
15733,31501,2.0
15733,33087,3.0
15733,33331,1.0
15733,34135,2.0
15733,36546,1.0
15733,38936,2.0
15733,40726,1.0
15733,41113,1.0
15733,48728,1.0
15733,49245,6.0
15733,49249,1.0
15733,52826,1.0
15733,55113,2.0
15733,58752,2.0
15742,22316,1.0
15812,30500,1.0
15812,40420,1.0
15812,41673,2.0
15812,41674,1.0
15812,46492,6.0
15812,54289,3.0
15857,16530,1.0
15857,26750,1.0
15857,30574,1.0
15857,55505,1.0
15900,36902,1.0
15937,52147,1.0
15947,17614,1.0
15947,20997,1.0
15947,25402,1.0
15947,38720,1.0
15947,44993,2.0
15947,48694,1.0
15947,50689,1.0
15947,57818,1.0
15947,59357,1.0
15960,45436,1.0
15967,23096,1.0
15967,35252,1.0
15993,29105,1.0
15993,45113,1.0
16090,42390,2.0
16090,43590,1.0
16090,58880,2.0
16103,12262,1.0
16103,14165,1.0
16103,20662,1.0
16103,40116,1.0
16103,40435,1.0
16107,21189,1.0
16107,29396,1.0
16107,35826,1.0
16107,42069,1.0
16107,51404,1.0
16107,52076,1.0
16109,8977,1.0
16109,17906,1.0
16109,23668,1.0
16109,24335,2.0
16109,46937,1.0
16109,49882,1.0
16109,59419,2.0
16154,23808,1.0
16154,31320,1.0
16154,44024,1.0
16214,17496,1.0
16214,23758,1.0
16214,28277,1.0
16278,22085,1.0
16278,57547,1.0
16303,50290,1.0
16323,16459,3.0
16323,16733,3.0
16323,16927,3.0
16323,17717,3.0
16323,18090,3.0
16323,19607,3.0
16323,21883,3.0
16323,23308,3.0
16323,23311,2.0
16323,23564,3.0
16323,24906,2.0
16323,24907,1.0
16323,26039,3.0
16323,27660,3.0
16323,29156,3.0
16323,29403,3.0
16323,29990,3.0
16323,34707,2.0
16323,34901,3.0
16323,37181,3.0
16323,37849,3.0
16323,37891,2.0
16323,41444,3.0
16323,42543,2.0
16323,42915,1.0
16323,45437,2.0
16323,45438,1.0
16323,47601,3.0
16323,48903,3.0
16323,52298,3.0
16323,52421,3.0
16323,53145,3.0
16323,55232,2.0
16323,55467,3.0
16323,56563,3.0
16323,56839,2.0
16323,57623,3.0
16323,59229,2.0
16323,59231,1.0
16323,59650,2.0
16323,59651,1.0
16323,60457,3.0
16350,19118,1.0
16350,38368,1.0
16397,5659,1.0
16397,10654,1.0
16397,17916,2.0
16397,24949,3.0
16397,25402,1.0
16397,26370,2.0
16397,26914,1.0
16397,29363,1.0
16397,37578,1.0
16397,38720,1.0
16397,41326,2.0
16397,48841,1.0
16449,15616,1.0
16449,17322,2.0
16449,18180,1.0
16449,21899,1.0
16449,21900,1.0
16449,24332,1.0
16449,32327,1.0
16449,42533,1.0
16449,42724,3.0
16449,43679,1.0
16449,56495,1.0
16459,16733,3.0
16459,16927,3.0
16459,17717,3.0
16459,18090,3.0
16459,19607,3.0
16459,21883,3.0
16459,23308,3.0
16459,23311,2.0
16459,23564,3.0
16459,24906,2.0
16459,24907,1.0
16459,26039,3.0
16459,27660,3.0
16459,29156,3.0
16459,29403,3.0
16459,29990,3.0
16459,34707,2.0
16459,34901,3.0
16459,37181,3.0
16459,37849,3.0
16459,37891,2.0
16459,41444,3.0
16459,42543,2.0
16459,42915,1.0
16459,45437,2.0
16459,45438,1.0
16459,47601,3.0
16459,48903,3.0
16459,52298,3.0
16459,52421,3.0
16459,53145,3.0
16459,55232,2.0
16459,55467,3.0
16459,56563,3.0
16459,56839,2.0
16459,57623,3.0
16459,59229,2.0
16459,59231,1.0
16459,59650,2.0
16459,59651,1.0
16459,60457,3.0
16482,33505,1.0
16482,41743,1.0
16493,29289,1.0
16512,37302,1.0
16512,46337,2.0
16512,51270,3.0
16512,51713,1.0
16512,58209,1.0
16530,26750,1.0
16530,29190,1.0
16530,30574,1.0
16530,33951,1.0
16530,55504,1.0
16530,55505,2.0
16550,5190,1.0
16550,16617,1.0
16550,17263,1.0
16550,18669,1.0
16550,18953,1.0
16550,21526,1.0
16550,22645,1.0
16550,22816,1.0
16550,23181,1.0
16550,24450,1.0
16550,24931,1.0
16550,25976,1.0
16550,26283,1.0
16550,26641,1.0
16550,30383,1.0
16550,30847,1.0
16550,32603,1.0
16550,32716,1.0
16550,34519,1.0
16550,36352,1.0
16550,36710,1.0
16550,36881,1.0
16550,37186,1.0
16550,37264,1.0
16550,38016,1.0
16550,39362,1.0
16550,39801,1.0
16550,40477,1.0
16550,42483,1.0
16550,42486,1.0
16550,43758,1.0
16550,46188,1.0
16550,46957,1.0
16550,47371,1.0
16550,47585,1.0
16550,54939,1.0
16550,55136,1.0
16550,55489,1.0
16550,56643,1.0
16550,57964,1.0
16550,58668,1.0
16550,58991,1.0
16550,59405,1.0
16550,59627,1.0
16550,60175,1.0
16550,60372,1.0
16586,16965,2.0
16586,19660,2.0
16586,22009,2.0
16586,23735,2.0
16586,24966,2.0
16586,27376,2.0
16586,29346,2.0
16586,30825,2.0
16586,32068,2.0
16586,35534,2.0
16586,36870,2.0
16586,36946,2.0
16586,41486,2.0
16586,41844,2.0
16586,42017,2.0
16586,43773,2.0
16586,43979,2.0
16586,44490,2.0
16586,47115,2.0
16586,47468,2.0
16586,48185,2.0
16586,49397,2.0
16586,49832,2.0
16586,50268,2.0
16586,51476,2.0
16586,51814,2.0
16586,57730,2.0
16610,21348,1.0
16610,56238,1.0
16617,26283,1.0
16617,30383,1.0
16617,36710,1.0
16617,37264,1.0
16617,38016,1.0
16617,42486,1.0
16617,47371,1.0
16617,56643,1.0
16622,19151,1.0
16622,23080,1.0
16622,25657,1.0
16622,43672,1.0
16622,57296,1.0
16626,33959,1.0
16655,35516,2.0
16689,6866,1.0
16689,8355,2.0
16689,15583,1.0
16689,19087,1.0
16689,21567,1.0
16689,23159,1.0
16689,24960,1.0
16689,27962,1.0
16689,30661,1.0
16689,30843,1.0
16689,43095,1.0
16689,49539,1.0
16689,52129,1.0
16689,55734,1.0
16689,58563,1.0
16733,16927,3.0
16733,17717,3.0
16733,18090,3.0
16733,19607,3.0
16733,21883,3.0
16733,23308,3.0
16733,23311,2.0
16733,23564,3.0
16733,24906,2.0
16733,24907,1.0
16733,26039,3.0
16733,27660,3.0
16733,29156,3.0
16733,29403,3.0
16733,29990,3.0
16733,34707,2.0
16733,34901,3.0
16733,37181,3.0
16733,37849,3.0
16733,37891,2.0
16733,41444,3.0
16733,42543,2.0
16733,42915,1.0
16733,45437,2.0
16733,45438,1.0
16733,47601,3.0
16733,48903,3.0
16733,52298,3.0
16733,52421,3.0
16733,53145,3.0
16733,55232,2.0
16733,55467,3.0
16733,56563,3.0
16733,56839,2.0
16733,57623,3.0
16733,59229,2.0
16733,59231,1.0
16733,59650,2.0
16733,59651,1.0
16733,60457,3.0
16751,23669,1.0
16751,32978,1.0
16751,39431,1.0
16751,41868,1.0
16751,50148,1.0
16776,14556,1.0
16776,20086,1.0
16776,23152,1.0
16776,24113,1.0
16776,29495,1.0
16776,30261,1.0
16776,32476,1.0
16776,33072,2.0
16776,34747,3.0
16776,35041,1.0
16776,43313,1.0
16776,45621,1.0
16776,45656,1.0
16776,45832,4.0
16776,46002,1.0
16776,46317,1.0
16776,50875,3.0
16776,52742,2.0
16776,53149,4.0
16776,55259,1.0
16776,57740,1.0
16910,50067,1.0
16918,54674,1.0
16918,58277,1.0
16927,17717,3.0
16927,18090,3.0
16927,19607,3.0
16927,21883,3.0
16927,23308,3.0
16927,23311,2.0
16927,23564,3.0
16927,24906,2.0
16927,24907,1.0
16927,26039,3.0
16927,27660,3.0
16927,29156,3.0
16927,29403,3.0
16927,29990,3.0
16927,34707,2.0
16927,34901,3.0
16927,37181,3.0
16927,37849,3.0
16927,37891,2.0
16927,41444,3.0
16927,42543,2.0
16927,42915,1.0
16927,45437,2.0
16927,45438,1.0
16927,47601,3.0
16927,48903,3.0
16927,52298,3.0
16927,52421,3.0
16927,53145,3.0
16927,55232,2.0
16927,55467,3.0
16927,56563,3.0
16927,56839,2.0
16927,57623,3.0
16927,59229,2.0
16927,59231,1.0
16927,59650,2.0
16927,59651,1.0
16927,60457,3.0
16965,19660,2.0
16965,22009,2.0
16965,23735,2.0
16965,24966,2.0
16965,27376,2.0
16965,29346,2.0
16965,30825,2.0
16965,32068,2.0
16965,35534,2.0
16965,36870,2.0
16965,36946,2.0
16965,41486,2.0
16965,41844,2.0
16965,42017,2.0
16965,43773,2.0
16965,43979,2.0
16965,44490,2.0
16965,47115,2.0
16965,47468,2.0
16965,48185,2.0
16965,49397,2.0
16965,49832,2.0
16965,50268,2.0
16965,51476,2.0
16965,51814,2.0
16965,57730,2.0
17043,42275,1.0
17127,37190,1.0
17148,22639,1.0
17148,28020,1.0
17148,37557,1.0
17148,38936,1.0
17148,43599,1.0
17148,46282,1.0
17148,46831,1.0
17148,46832,1.0
17178,22036,1.0
17178,22598,1.0
17178,26620,1.0
17178,46832,1.0
17180,41938,1.0
17184,41635,1.0
17187,60546,1.0
17188,21464,1.0
17188,21465,1.0
17188,35754,1.0
17220,23439,1.0
17220,23440,1.0
17220,25494,1.0
17220,30122,1.0
17220,30935,1.0
17220,40024,1.0
17220,47107,1.0
17220,56332,2.0
17253,30480,1.0
17253,40706,1.0
17261,22542,3.0
17261,51852,1.0
17261,56200,1.0
17263,624,2.0
17263,1820,2.0
17263,2794,2.0
17263,4885,2.0
17263,5799,2.0
17263,8901,2.0
17263,12413,2.0
17263,12478,2.0
17263,15316,2.0
17263,16323,2.0
17263,16459,2.0
17263,16733,2.0
17263,16927,2.0
17263,17717,2.0
17263,18090,2.0
17263,18669,1.0
17263,18953,1.0
17263,19607,2.0
17263,21526,1.0
17263,21883,2.0
17263,22645,1.0
17263,22816,1.0
17263,23181,1.0
17263,23308,2.0
17263,23311,2.0
17263,23564,2.0
17263,24450,1.0
17263,24906,2.0
17263,24931,3.0
17263,25976,1.0
17263,26039,2.0
17263,26641,1.0
17263,27660,2.0
17263,29156,2.0
17263,29403,2.0
17263,29990,2.0
17263,30847,1.0
17263,32603,1.0
17263,32716,1.0
17263,34519,1.0
17263,34707,2.0
17263,34901,2.0
17263,36352,1.0
17263,36881,1.0
17263,37181,2.0
17263,37186,1.0
17263,37849,2.0
17263,37891,2.0
17263,39362,1.0
17263,39801,1.0
17263,40477,1.0
17263,41444,2.0
17263,42483,1.0
17263,42543,2.0
17263,43758,3.0
17263,45437,2.0
17263,46188,1.0
17263,46957,1.0
17263,47585,1.0
17263,47601,2.0
17263,48903,2.0
17263,52298,2.0
17263,52421,2.0
17263,53145,2.0
17263,54939,1.0
17263,55136,1.0
17263,55232,2.0
17263,55467,2.0
17263,55489,1.0
17263,56563,2.0
17263,56839,2.0
17263,57623,2.0
17263,57964,1.0
17263,58668,1.0
17263,58991,1.0
17263,59229,2.0
17263,59405,1.0
17263,59627,3.0
17263,59650,2.0
17263,60175,3.0
17263,60372,1.0
17263,60457,2.0
17302,22452,1.0
17302,56619,1.0
17302,56841,1.0
17317,21156,1.0
17317,39363,1.0
17322,15616,1.0
17322,21899,1.0
17322,32327,1.0
17378,33725,2.0
17378,40646,2.0
17407,51054,1.0
17407,58649,1.0
17429,28096,1.0
17429,29688,1.0
17429,34988,2.0
17429,45197,1.0
17429,52364,1.0
17429,60007,1.0
17488,17496,1.0
17496,21343,1.0
17496,23758,2.0
17496,23759,1.0
17496,28277,2.0
17496,33089,1.0
17496,54288,1.0
17497,33604,1.0
17573,28873,1.0
17573,34303,1.0
17573,48329,1.0
17593,47566,1.0
17593,52359,1.0
17593,60273,1.0
17608,25820,1.0
17608,41064,2.0
17613,7713,1.0
17613,7911,1.0
17613,8649,1.0
17613,13233,1.0
17613,14948,1.0
17613,22447,3.0
17613,23639,2.0
17613,29904,2.0
17613,32115,1.0
17613,36930,2.0
17613,42600,2.0
17613,43346,1.0
17613,51117,5.0
17613,52198,1.0
17614,50689,1.0
17614,59357,1.0
17717,18090,3.0
17717,19607,3.0
17717,21883,3.0
17717,23308,3.0
17717,23311,2.0
17717,23564,3.0
17717,24906,2.0
17717,24907,1.0
17717,26039,3.0
17717,27660,3.0
17717,29156,3.0
17717,29403,3.0
17717,29990,3.0
17717,34707,2.0
17717,34901,3.0
17717,37181,3.0
17717,37849,3.0
17717,37891,2.0
17717,41444,3.0
17717,42543,2.0
17717,42915,1.0
17717,45437,2.0
17717,45438,1.0
17717,47601,3.0
17717,48903,3.0
17717,52298,3.0
17717,52421,3.0
17717,53145,3.0
17717,55232,2.0
17717,55467,3.0
17717,56563,3.0
17717,56839,2.0
17717,57623,3.0
17717,59229,2.0
17717,59231,1.0
17717,59650,2.0
17717,59651,1.0
17717,60457,3.0
17735,21517,3.0
17735,21518,1.0
17735,36930,3.0
17735,51265,3.0
17735,53230,1.0
17735,53233,1.0
17735,54346,1.0
17777,18620,1.0
17777,42497,1.0
17777,42725,1.0
17808,44499,1.0
17817,21096,1.0
17817,26606,1.0
17817,42954,1.0
17817,45301,1.0
17817,50073,1.0
17817,57373,1.0
17817,59027,1.0
17851,21121,1.0
17851,33724,1.0
17851,38581,1.0
17882,10918,1.0
17882,14564,1.0
17882,18073,1.0
17882,28273,1.0
17882,30751,1.0
17882,45785,1.0
17882,51167,1.0
17882,53118,1.0
17882,53126,1.0
17882,60220,1.0
17906,23668,1.0
17906,24335,1.0
17906,46937,1.0
17906,49882,1.0
17906,59419,1.0
17914,50717,1.0
17914,57290,1.0
17916,5632,1.0
17916,6131,1.0
17916,6132,1.0
17916,7306,2.0
17916,10110,1.0
17916,11130,4.0
17916,12681,1.0
17916,19631,1.0
17916,19687,1.0
17916,21597,2.0
17916,24467,1.0
17916,24469,1.0
17916,25112,1.0
17916,26370,1.0
17916,28760,3.0
17916,29927,10.0
17916,30243,1.0
17916,31165,1.0
17916,31569,5.0
17916,31705,2.0
17916,32443,1.0
17916,36148,5.0
17916,39744,2.0
17916,39745,4.0
17916,40590,2.0
17916,40926,1.0
17916,41326,3.0
17916,42263,1.0
17916,42264,1.0
17916,45097,3.0
17916,45098,1.0
17916,47786,1.0
17916,48822,3.0
17916,49026,1.0
17916,57375,1.0
17919,51159,1.0
17933,173,2.0
17933,11968,1.0
17933,29717,1.0
17933,46408,3.0
17936,20650,1.0
17936,28907,2.0
17936,30786,12.0
17936,36481,6.0
17936,36509,6.0
17936,36510,1.0
17936,39524,2.0
17936,48047,1.0
17936,48048,1.0
17936,48049,3.0
17936,58967,1.0
17999,34369,1.0
17999,53973,1.0
18013,24132,1.0
18013,60444,1.0
18014,10649,1.0
18014,35612,1.0
18014,36309,1.0
18014,60254,1.0
18014,60279,1.0
18022,51159,1.0
18022,60608,1.0
18073,30751,1.0
18090,19607,3.0
18090,21883,3.0
18090,23308,3.0
18090,23311,2.0
18090,23564,3.0
18090,24906,2.0
18090,24907,1.0
18090,26039,3.0
18090,27660,3.0
18090,29156,3.0
18090,29403,3.0
18090,29990,3.0
18090,34707,2.0
18090,34901,3.0
18090,37181,3.0
18090,37849,3.0
18090,37891,2.0
18090,41444,3.0
18090,42543,2.0
18090,42915,1.0
18090,45437,2.0
18090,45438,1.0
18090,47601,3.0
18090,48903,3.0
18090,52298,3.0
18090,52421,3.0
18090,53145,3.0
18090,55232,2.0
18090,55467,3.0
18090,56563,3.0
18090,56839,2.0
18090,57623,3.0
18090,59229,2.0
18090,59231,1.0
18090,59650,2.0
18090,59651,1.0
18090,60457,3.0
18180,24332,1.0
18180,42533,1.0
18180,42724,1.0
18180,56495,1.0
18273,16303,1.0
18273,19460,1.0
18273,28832,1.0
18273,50290,2.0
18273,51993,1.0
18301,4804,1.0
18301,4829,1.0
18301,17429,1.0
18301,27611,1.0
18301,28096,1.0
18301,29688,1.0
18301,34988,1.0
18301,44422,1.0
18301,45197,1.0
18301,52364,1.0
18301,58752,1.0
18301,60007,1.0
18302,23560,1.0
18302,49963,1.0
18302,53095,1.0
18373,51887,2.0
18424,27601,1.0
18424,42501,1.0
18435,4804,1.0
18435,16776,1.0
18435,30261,1.0
18435,32476,1.0
18435,45621,1.0
18435,45832,1.0
18435,46002,1.0
18435,50875,1.0
18435,53149,1.0
18435,57740,1.0
18435,58752,1.0
18458,27819,2.0
18458,35894,1.0
18458,36689,1.0
18458,44846,1.0
18458,48246,1.0
18458,48247,1.0
18539,7420,1.0
18539,26698,1.0
18539,48934,1.0
18554,27927,1.0
18554,45601,1.0
18554,53488,1.0
18612,14563,1.0
18612,15595,1.0
18612,29283,1.0
18612,32130,4.0
18612,38924,1.0
18612,47008,1.0
18612,52124,2.0
18612,53126,1.0
18612,55468,1.0
18612,59358,4.0
18620,42497,1.0
18620,42725,1.0
18643,21368,2.0
18643,37557,2.0
18661,22187,1.0
18669,18953,1.0
18669,21526,1.0
18669,22645,1.0
18669,22816,1.0
18669,23181,1.0
18669,24450,1.0
18669,24931,1.0
18669,25976,1.0
18669,26641,1.0
18669,30847,1.0
18669,32603,1.0
18669,32716,1.0
18669,34519,1.0
18669,36352,1.0
18669,36881,1.0
18669,37186,1.0
18669,39362,1.0
18669,39801,1.0
18669,40477,1.0
18669,42483,1.0
18669,43758,1.0
18669,46188,1.0
18669,46957,1.0
18669,47585,1.0
18669,54939,1.0
18669,55136,1.0
18669,55489,1.0
18669,57964,1.0
18669,58668,1.0
18669,58991,1.0
18669,59405,1.0
18669,59627,1.0
18669,60175,1.0
18669,60372,1.0
18793,7428,1.0
18793,9111,1.0
18793,15108,1.0
18793,15176,1.0
18793,15430,2.0
18793,15431,1.0
18793,21968,1.0
18793,33220,1.0
18793,37685,1.0
18793,40334,1.0
18793,40853,1.0
18793,41492,1.0
18793,44181,1.0
18793,54693,1.0
18793,60223,1.0
18797,15560,1.0
18797,39340,1.0
18846,20196,1.0
18846,21421,1.0
18846,26995,1.0
18846,31241,1.0
18846,37981,1.0
18846,43740,1.0
18846,52498,1.0
18846,53210,1.0
18846,59425,1.0
18846,60317,1.0
18865,54636,1.0
18912,8469,2.0
18912,29087,4.0
18912,29232,2.0
18912,41932,2.0
18930,9135,2.0
18930,12595,1.0
18930,13564,1.0
18930,14641,1.0
18930,14757,1.0
18930,19289,1.0
18930,20612,1.0
18930,24170,1.0
18930,24495,1.0
18930,30661,1.0
18930,31483,1.0
18930,32117,1.0
18930,36410,1.0
18930,37557,3.0
18930,41039,3.0
18930,41802,1.0
18930,43605,3.0
18930,44004,3.0
18930,44005,1.0
18930,44929,2.0
18930,52129,2.0
18930,58638,1.0
18930,58705,1.0
18930,58752,3.0
18953,21526,1.0
18953,22645,1.0
18953,22816,1.0
18953,23181,1.0
18953,24450,1.0
18953,24931,1.0
18953,25976,1.0
18953,26641,1.0
18953,30847,1.0
18953,32603,1.0
18953,32716,1.0
18953,34519,1.0
18953,36352,1.0
18953,36881,1.0
18953,37186,1.0
18953,39362,1.0
18953,39801,1.0
18953,40477,1.0
18953,42483,1.0
18953,43758,1.0
18953,46188,1.0
18953,46957,1.0
18953,47585,1.0
18953,54939,1.0
18953,55136,1.0
18953,55489,1.0
18953,57964,1.0
18953,58668,1.0
18953,58991,1.0
18953,59405,1.0
18953,59627,1.0
18953,60175,1.0
18953,60372,1.0
18958,10918,1.0
18958,14563,1.0
18958,53126,1.0
18974,49597,1.0
18974,56068,1.0
18974,56257,1.0
19060,2643,5.0
19060,4906,3.0
19060,5613,1.0
19060,5829,2.0
19060,9135,1.0
19060,12246,2.0
19060,12595,1.0
19060,12909,2.0
19060,15133,1.0
19060,18930,1.0
19060,19082,1.0
19060,22036,2.0
19060,24767,1.0
19060,26160,1.0
19060,30815,2.0
19060,30949,1.0
19060,33087,1.0
19060,33088,2.0
19060,35509,1.0
19060,36447,1.0
19060,36838,3.0
19060,37557,2.0
19060,38936,1.0
19060,41039,1.0
19060,41791,2.0
19060,43605,1.0
19060,44004,1.0
19060,44929,1.0
19060,45269,2.0
19060,46282,1.0
19060,49249,1.0
19060,49369,1.0
19060,49491,2.0
19060,49842,1.0
19060,51626,1.0
19060,58752,3.0
19065,13918,2.0
19082,7438,1.0
19082,11375,1.0
19082,21024,1.0
19082,23969,2.0
19082,24767,1.0
19082,24933,2.0
19082,34809,1.0
19082,35382,1.0
19082,43572,1.0
19082,43938,1.0
19082,45269,5.0
19082,51626,1.0
19082,54678,1.0
19082,56358,2.0
19087,23159,1.0
19116,22798,1.0
19116,26744,1.0
19116,32557,1.0
19116,49440,1.0
19116,56625,1.0
19116,60004,1.0
19118,37322,1.0
19118,45785,1.0
19118,54131,1.0
19118,55193,1.0
19118,58737,1.0
19129,10744,1.0
19129,20913,1.0
19129,23957,2.0
19129,57904,1.0
19129,57907,1.0
19151,23080,1.0
19151,25657,1.0
19151,43672,1.0
19151,57296,1.0
19162,36421,1.0
19162,56012,1.0
19162,56093,1.0
19162,59949,1.0
19289,24495,1.0
19289,31483,1.0
19289,58705,1.0
19351,41969,1.0
19351,44343,1.0
19351,47734,2.0
19358,52461,1.0
19400,21010,1.0
19400,31193,1.0
19442,21900,1.0
19460,50290,1.0
19460,51993,1.0
19484,53128,1.0
19520,13013,1.0
19520,39493,1.0
19520,47402,1.0
19520,50530,1.0
19520,51404,1.0
19558,27953,2.0
19579,21411,1.0
19607,21883,3.0
19607,23308,3.0
19607,23311,2.0
19607,23564,3.0
19607,24906,2.0
19607,24907,1.0
19607,26039,3.0
19607,27660,3.0
19607,29156,3.0
19607,29403,3.0
19607,29990,3.0
19607,34707,2.0
19607,34901,3.0
19607,37181,3.0
19607,37849,3.0
19607,37891,2.0
19607,41444,3.0
19607,42543,2.0
19607,42915,1.0
19607,45437,2.0
19607,45438,1.0
19607,47601,3.0
19607,48903,3.0
19607,52298,3.0
19607,52421,3.0
19607,53145,3.0
19607,55232,2.0
19607,55467,3.0
19607,56563,3.0
19607,56839,2.0
19607,57623,3.0
19607,59229,2.0
19607,59231,1.0
19607,59650,2.0
19607,59651,1.0
19607,60457,3.0
19655,30305,1.0
19655,30787,1.0
19660,22009,2.0
19660,23735,2.0
19660,24966,2.0
19660,27376,2.0
19660,29346,2.0
19660,30825,2.0
19660,32068,2.0
19660,35534,2.0
19660,36870,2.0
19660,36946,2.0
19660,41486,2.0
19660,41844,2.0
19660,42017,2.0
19660,43773,2.0
19660,43979,2.0
19660,44490,2.0
19660,47115,2.0
19660,47468,2.0
19660,48185,2.0
19660,49397,2.0
19660,49832,2.0
19660,50268,2.0
19660,51476,2.0
19660,51814,2.0
19660,57730,2.0
19687,21597,1.0
19687,25112,1.0
19687,31165,1.0
19726,3904,1.0
19726,7723,1.0
19726,8682,2.0
19726,11896,2.0
19726,12934,2.0
19726,14579,2.0
19726,14640,1.0
19726,18980,1.0
19726,27921,3.0
19726,31145,1.0
19726,34135,1.0
19726,36398,1.0
19726,36838,1.0
19726,37557,1.0
19726,41039,1.0
19726,44466,2.0
19726,44494,2.0
19726,45997,1.0
19726,46818,1.0
19726,49234,7.0
19726,57957,2.0
19726,58636,4.0
19726,60077,1.0
19736,22550,1.0
19736,33616,1.0
19736,40744,1.0
19736,50043,1.0
19803,27799,1.0
19803,56785,1.0
19803,58289,1.0
20041,22508,1.0
20041,41591,1.0
20049,1104,1.0
20049,1455,1.0
20049,1633,1.0
20049,1862,1.0
20049,1949,2.0
20049,1950,9.0
20049,2338,1.0
20049,2477,3.0
20049,3203,3.0
20049,3345,9.0
20049,3346,1.0
20049,3433,3.0
20049,4277,2.0
20049,5230,1.0
20049,5773,1.0
20049,7751,1.0
20049,8406,1.0
20049,8503,1.0
20049,9092,1.0
20049,9691,1.0
20049,10081,1.0
20049,10491,1.0
20049,10741,1.0
20049,11052,1.0
20049,11053,2.0
20049,11054,2.0
20049,12703,3.0
20049,13121,1.0
20049,13220,2.0
20049,13255,3.0
20049,13677,1.0
20049,14041,1.0
20049,14194,1.0
20049,14513,2.0
20049,14728,1.0
20049,15238,3.0
20049,15587,1.0
20049,17573,1.0
20049,17808,1.0
20049,18355,1.0
20049,18373,2.0
20049,18458,7.0
20049,20635,1.0
20049,22474,1.0
20049,22865,1.0
20049,22932,1.0
20049,25182,1.0
20049,25264,2.0
20049,25266,1.0
20049,25861,1.0
20049,26012,1.0
20049,26079,1.0
20049,26912,1.0
20049,27756,1.0
20049,27819,2.0
20049,28569,1.0
20049,28671,1.0
20049,28873,1.0
20049,29464,1.0
20049,29957,1.0
20049,30361,1.0
20049,30390,1.0
20049,30807,1.0
20049,32384,2.0
20049,32642,1.0
20049,32859,1.0
20049,32862,2.0
20049,33851,1.0
20049,34256,4.0
20049,34303,1.0
20049,34421,1.0
20049,34422,8.0
20049,34514,1.0
20049,34515,2.0
20049,35894,1.0
20049,36217,1.0
20049,36689,1.0
20049,36978,1.0
20049,37052,4.0
20049,37182,1.0
20049,37601,1.0
20049,37882,1.0
20049,37978,2.0
20049,38081,1.0
20049,39061,1.0
20049,39813,1.0
20049,40272,1.0
20049,41932,1.0
20049,41944,1.0
20049,42897,1.0
20049,43165,1.0
20049,44499,1.0
20049,44846,2.0
20049,45067,2.0
20049,45102,1.0
20049,45105,6.0
20049,47030,1.0
20049,47958,1.0
20049,48246,1.0
20049,48247,1.0
20049,48329,1.0
20049,48498,5.0
20049,49300,1.0
20049,50087,1.0
20049,50437,1.0
20049,50674,2.0
20049,50870,1.0
20049,50975,1.0
20049,51245,2.0
20049,51442,1.0
20049,51887,2.0
20049,52291,4.0
20049,53028,1.0
20049,53454,1.0
20049,53859,2.0
20049,54338,1.0
20049,54603,1.0
20049,54674,8.0
20049,55610,1.0
20049,55807,1.0
20049,55909,3.0
20049,55910,1.0
20049,56018,1.0
20049,57589,1.0
20049,57590,1.0
20049,57591,3.0
20049,57815,1.0
20049,58377,3.0
20049,58612,10.0
20049,58767,1.0
20049,59575,2.0
20049,59632,1.0
20049,59978,1.0
20049,60060,1.0
20049,60515,3.0
20086,29495,1.0
20086,33072,1.0
20086,34747,1.0
20086,45832,1.0
20086,46317,1.0
20086,53149,1.0
20122,22838,1.0
20148,22528,1.0
20148,40606,1.0
20148,47234,1.0
20156,7410,2.0
20156,19400,1.0
20156,21010,1.0
20156,29955,2.0
20156,31193,1.0
20156,34877,5.0
20156,35094,1.0
20156,38078,1.0
20156,40400,2.0
20156,41677,2.0
20156,42557,2.0
20156,53232,1.0
20156,60310,1.0
20196,21421,1.0
20196,26995,1.0
20196,31241,1.0
20196,37981,1.0
20196,43740,1.0
20196,52498,1.0
20196,53210,1.0
20196,59425,1.0
20196,60317,1.0
20220,30499,1.0
20220,37317,2.0
20220,59927,2.0
20272,22318,1.0
20320,45166,2.0
20320,53231,2.0
20327,26889,1.0
20327,52462,1.0
20333,16910,1.0
20333,19587,1.0
20333,41635,3.0
20333,50067,1.0
20398,21377,1.0
20398,30605,1.0
20398,47227,1.0
20398,49055,1.0
20404,59599,1.0
20431,43892,1.0
20458,20911,1.0
20458,56193,1.0
20458,59363,1.0
20503,29446,4.0
20503,34019,4.0
20503,35147,2.0
20503,40400,2.0
20503,41236,3.0
20503,60310,4.0
20507,24579,1.0
20507,28081,1.0
20507,50773,1.0
20507,58583,1.0
20589,22512,1.0
20589,54461,1.0
20593,26167,1.0
20593,42278,1.0
20593,58156,1.0
20612,20616,1.0
20612,27191,1.0
20616,27191,1.0
20635,37882,1.0
20635,39813,1.0
20643,35192,1.0
20643,49359,1.0
20643,58339,2.0
20650,48049,1.0
20662,14165,1.0
20662,59109,1.0
20692,26129,3.0
20692,39175,1.0
20692,43856,1.0
20692,46293,1.0
20692,47081,1.0
20692,53514,1.0
20695,4314,1.0
20695,5997,2.0
20695,6657,1.0
20695,7003,2.0
20695,13727,1.0
20695,20643,4.0
20695,28941,2.0
20695,29104,1.0
20695,30309,3.0
20695,35192,2.0
20695,36959,2.0
20695,37790,1.0
20695,40009,2.0
20695,40535,1.0
20695,49359,2.0
20695,49658,1.0
20695,52743,2.0
20695,54497,1.0
20695,57210,2.0
20695,58339,3.0
20736,6117,2.0
20736,6658,1.0
20736,15572,3.0
20736,15900,1.0
20736,20561,1.0
20736,22069,1.0
20736,22070,1.0
20736,22895,2.0
20736,30792,1.0
20736,34645,1.0
20736,36068,1.0
20736,36899,1.0
20736,36900,1.0
20736,36901,1.0
20736,36902,1.0
20736,39178,1.0
20736,39868,1.0
20736,40116,2.0
20736,42617,1.0
20736,45962,1.0
20736,49883,1.0
20736,51731,1.0
20736,52797,1.0
20736,60266,1.0
20736,60273,1.0
20765,60117,2.0
20863,29276,1.0
20863,35488,1.0
20894,21369,2.0
20894,26221,1.0
20894,26817,1.0
20894,35538,1.0
20894,35642,1.0
20894,49530,1.0
20894,53162,2.0
20894,59886,1.0
20894,60217,1.0
20911,56193,1.0
20911,59363,1.0
20913,10744,1.0
20913,23957,3.0
20913,57904,1.0
20993,34087,1.0
20997,48694,1.0
21010,31193,1.0
21022,29768,1.0
21022,30222,1.0
21022,31901,2.0
21022,32326,1.0
21022,36922,1.0
21022,38354,1.0
21022,53024,1.0
21022,54902,1.0
21022,56623,1.0
21024,5251,1.0
21024,7408,2.0
21024,20894,2.0
21024,21369,2.0
21024,24933,1.0
21024,26221,1.0
21024,26817,1.0
21024,35382,3.0
21024,35537,1.0
21024,35538,1.0
21024,35642,1.0
21024,43572,3.0
21024,45269,1.0
21024,49530,1.0
21024,53162,2.0
21024,56358,1.0
21024,59886,1.0
21024,60217,1.0
21030,23490,1.0
21030,24166,1.0
21030,24778,1.0
21030,29748,1.0
21030,42469,1.0
21030,44293,1.0
21030,45139,1.0
21030,45740,1.0
21030,52447,1.0
21030,55917,1.0
21030,56496,1.0
21030,58821,1.0
21094,25905,1.0
21094,39477,1.0
21095,25905,1.0
21096,26606,1.0
21096,42954,1.0
21096,45301,1.0
21096,50073,1.0
21096,57373,1.0
21096,59027,1.0
21121,33724,1.0
21121,38581,1.0
21156,39363,1.0
21174,24101,2.0
21174,48001,2.0
21189,29396,1.0
21189,35826,1.0
21189,42069,1.0
21189,51404,1.0
21189,52076,1.0
21191,23733,1.0
21191,34096,1.0
21191,44161,1.0
21191,49193,1.0
21316,23574,1.0
21316,25327,1.0
21316,30299,1.0
21316,34265,1.0
21316,35537,1.0
21316,40566,1.0
21323,3344,1.0
21323,10612,1.0
21323,35607,1.0
21323,36410,5.0
21323,40743,1.0
21323,52484,1.0
21323,57900,1.0
21335,38756,1.0
21348,56238,1.0
21368,4333,1.0
21368,6075,1.0
21368,6079,1.0
21368,7582,3.0
21368,8335,1.0
21368,11751,1.0
21368,13918,3.0
21368,14554,3.0
21368,19065,2.0
21368,27309,1.0
21368,27310,1.0
21368,27357,3.0
21368,27358,1.0
21368,27359,1.0
21368,29543,1.0
21368,34292,1.0
21368,37557,3.0
21368,37730,1.0
21368,39259,1.0
21368,40549,1.0
21368,40550,1.0
21368,44534,1.0
21368,44535,1.0
21368,53729,1.0
21368,54825,3.0
21368,56036,1.0
21368,59084,1.0
21368,60557,1.0
21369,26221,1.0
21369,26817,1.0
21369,35538,1.0
21369,35642,1.0
21369,49530,1.0
21369,53162,2.0
21369,59886,1.0
21369,60217,1.0
21377,30605,1.0
21377,47227,1.0
21377,49055,1.0
21411,13057,1.0
21411,29274,1.0
21411,29449,1.0
21411,38866,1.0
21411,43574,1.0
21411,53757,2.0
21419,17805,1.0
21419,41064,1.0
21419,52505,1.0
21421,26995,1.0
21421,31241,1.0
21421,37981,1.0
21421,43740,1.0
21421,52498,1.0
21421,53210,1.0
21421,59425,1.0
21421,60317,1.0
21465,35754,1.0
21517,36930,3.0
21517,51265,3.0
21517,53230,1.0
21517,53233,1.0
21518,54346,1.0
21522,6038,1.0
21522,6117,1.0
21522,8446,2.0
21522,12911,1.0
21522,16109,1.0
21522,17936,2.0
21522,19655,1.0
21522,20650,1.0
21522,20662,2.0
21522,23669,1.0
21522,24335,1.0
21522,25249,1.0
21522,29294,1.0
21522,30305,1.0
21522,30786,4.0
21522,30787,1.0
21522,31678,1.0
21522,38916,1.0
21522,39524,1.0
21522,43697,5.0
21522,48047,1.0
21522,48049,1.0
21522,51270,1.0
21522,52341,1.0
21522,53498,1.0
21522,59109,1.0
21522,59419,1.0
21526,22645,1.0
21526,22816,1.0
21526,23181,1.0
21526,24450,1.0
21526,24931,1.0
21526,25976,1.0
21526,26641,1.0
21526,30847,1.0
21526,32603,1.0
21526,32716,1.0
21526,34519,1.0
21526,36352,1.0
21526,36881,1.0
21526,37186,1.0
21526,39362,1.0
21526,39801,1.0
21526,40477,1.0
21526,42483,1.0
21526,43758,1.0
21526,46188,1.0
21526,46957,1.0
21526,47585,1.0
21526,54939,1.0
21526,55136,1.0
21526,55489,1.0
21526,57964,1.0
21526,58668,1.0
21526,58991,1.0
21526,59405,1.0
21526,59627,1.0
21526,60175,1.0
21526,60372,1.0
21567,27962,1.0
21580,33086,1.0
21580,56867,1.0
21597,19631,1.0
21597,25112,1.0
21597,31165,1.0
21661,24065,1.0
21661,33841,1.0
21661,38348,1.0
21661,55239,1.0
21710,21948,1.0
21883,23308,3.0
21883,23311,2.0
21883,23564,3.0
21883,24906,2.0
21883,24907,1.0
21883,26039,3.0
21883,27660,3.0
21883,29156,3.0
21883,29403,3.0
21883,29990,3.0
21883,34707,2.0
21883,34901,3.0
21883,37181,3.0
21883,37849,3.0
21883,37891,2.0
21883,41444,3.0
21883,42543,2.0
21883,42915,1.0
21883,45437,2.0
21883,45438,1.0
21883,47601,3.0
21883,48903,3.0
21883,52298,3.0
21883,52421,3.0
21883,53145,3.0
21883,55232,2.0
21883,55467,3.0
21883,56563,3.0
21883,56839,2.0
21883,57623,3.0
21883,59229,2.0
21883,59231,1.0
21883,59650,2.0
21883,59651,1.0
21883,60457,3.0
21898,40117,1.0
21899,32327,1.0
21900,17322,1.0
21900,17777,1.0
21900,18620,1.0
21900,42497,1.0
21900,42725,1.0
21996,8977,1.0
21996,16109,3.0
21996,17613,1.0
21996,22447,1.0
21996,23639,2.0
21996,24557,2.0
21996,29904,2.0
21996,30353,1.0
21996,31161,1.0
21996,37132,2.0
21996,40400,1.0
21996,55035,1.0
21996,55173,1.0
22000,27065,1.0
22000,51277,1.0
22009,8479,1.0
22009,23735,2.0
22009,24966,2.0
22009,27376,2.0
22009,29346,2.0
22009,30825,2.0
22009,32068,2.0
22009,35534,2.0
22009,36870,2.0
22009,36946,2.0
22009,41486,2.0
22009,41844,2.0
22009,42017,2.0
22009,43773,2.0
22009,43979,2.0
22009,44490,2.0
22009,47115,2.0
22009,47468,2.0
22009,48185,2.0
22009,49397,2.0
22009,49832,2.0
22009,50268,2.0
22009,51476,2.0
22009,51814,2.0
22009,57730,2.0
22014,31003,1.0
22014,41673,1.0
22014,54289,1.0
22015,45176,1.0
22015,58492,1.0
22036,22598,1.0
22036,26620,1.0
22036,28363,1.0
22036,31145,1.0
22036,41791,3.0
22036,46832,1.0
22036,49491,2.0
22036,58459,1.0
22056,46905,1.0
22069,34645,1.0
22070,23968,2.0
22070,25577,2.0
22070,29015,1.0
22070,29647,1.0
22070,30950,2.0
22070,30974,1.0
22070,34645,1.0
22070,36068,2.0
22070,39178,1.0
22070,42208,1.0
22070,42293,3.0
22070,42617,1.0
22081,20736,1.0
22081,28941,4.0
22081,37711,3.0
22081,39868,1.0
22081,57210,3.0
22085,57547,1.0
22122,26607,1.0
22122,43474,1.0
22235,26535,1.0
22235,29210,1.0
22235,41657,1.0
22235,49513,1.0
22235,52215,1.0
22321,22666,1.0
22321,56056,1.0
22372,28788,2.0
22372,30075,2.0
22372,34576,2.0
22372,40010,2.0
22372,54057,2.0
22447,7911,1.0
22447,13233,1.0
22447,29904,1.0
22447,43346,1.0
22447,55173,1.0
22452,56619,1.0
22452,56841,1.0
22474,27756,1.0
22474,47958,1.0
22474,55610,1.0
22512,54461,1.0
22513,54908,1.0
22528,40606,1.0
22528,47234,1.0
22542,51852,1.0
22542,56200,1.0
22550,33616,1.0
22550,40744,1.0
22550,50043,1.0
22598,26620,1.0
22598,46832,1.0
22639,23382,1.0
22639,28020,1.0
22639,34055,1.0
22645,22816,1.0
22645,23181,1.0
22645,24450,1.0
22645,24931,1.0
22645,25976,1.0
22645,26641,1.0
22645,30847,1.0
22645,32603,1.0
22645,32716,1.0
22645,34519,1.0
22645,36352,1.0
22645,36881,1.0
22645,37186,1.0
22645,39362,1.0
22645,39801,1.0
22645,40477,1.0
22645,42483,1.0
22645,43758,1.0
22645,46188,1.0
22645,46957,1.0
22645,47585,1.0
22645,54939,1.0
22645,55136,1.0
22645,55489,1.0
22645,57964,1.0
22645,58668,1.0
22645,58991,1.0
22645,59405,1.0
22645,59627,1.0
22645,60175,1.0
22645,60372,1.0
22666,56056,3.0
22707,847,1.0
22707,2432,3.0
22707,3398,1.0
22707,3399,2.0
22707,5975,1.0
22707,6107,7.0
22707,6117,1.0
22707,7403,1.0
22707,8455,2.0
22707,8843,1.0
22707,10864,3.0
22707,15616,1.0
22707,16449,2.0
22707,17322,2.0
22707,20695,3.0
22707,21899,1.0
22707,21900,1.0
22707,22070,3.0
22707,22081,3.0
22707,23968,2.0
22707,25577,2.0
22707,26673,1.0
22707,28941,5.0
22707,30309,1.0
22707,32327,1.0
22707,34645,1.0
22707,35192,3.0
22707,37574,3.0
22707,37711,3.0
22707,39542,6.0
22707,40180,8.0
22707,40535,1.0
22707,40536,8.0
22707,42293,1.0
22707,42617,1.0
22707,42724,2.0
22707,43679,8.0
22707,46449,1.0
22707,49358,1.0
22707,49837,4.0
22707,52635,1.0
22707,54454,1.0
22707,57210,3.0
22707,58276,2.0
22707,60116,2.0
22707,60554,3.0
22793,56000,1.0
22798,2643,1.0
22798,2797,1.0
22798,3415,2.0
22798,4686,1.0
22798,7760,1.0
22798,13274,1.0
22798,15692,1.0
22798,24142,1.0
22798,24493,1.0
22798,25297,1.0
22798,26744,1.0
22798,26849,1.0
22798,27336,1.0
22798,30191,1.0
22798,31700,1.0
22798,32539,1.0
22798,32557,1.0
22798,37666,1.0
22798,41455,1.0
22798,43911,1.0
22798,49440,1.0
22798,51120,1.0
22798,56625,1.0
22798,56897,1.0
22798,57250,1.0
22798,57361,1.0
22798,60004,1.0
22816,2432,1.0
22816,4138,1.0
22816,9376,1.0
22816,11768,1.0
22816,12911,1.0
22816,14042,3.0
22816,14733,2.0
22816,15176,3.0
22816,18874,1.0
22816,19520,2.0
22816,23181,1.0
22816,23308,1.0
22816,24450,1.0
22816,24931,1.0
22816,25976,1.0
22816,26641,1.0
22816,27954,1.0
22816,30847,1.0
22816,32603,1.0
22816,32716,1.0
22816,34519,1.0
22816,36352,1.0
22816,36881,1.0
22816,37186,1.0
22816,37574,1.0
22816,38406,3.0
22816,38581,3.0
22816,39362,1.0
22816,39801,1.0
22816,40477,1.0
22816,41046,1.0
22816,42483,1.0
22816,43401,1.0
22816,43758,1.0
22816,46188,1.0
22816,46957,1.0
22816,47585,1.0
22816,48903,1.0
22816,50921,1.0
22816,51796,2.0
22816,54939,1.0
22816,55136,1.0
22816,55489,1.0
22816,56786,1.0
22816,57964,1.0
22816,58668,1.0
22816,58991,1.0
22816,59405,1.0
22816,59627,1.0
22816,60175,1.0
22816,60372,1.0
22846,49689,1.0
22846,58637,1.0
22865,4277,1.0
22865,51442,1.0
22865,53859,2.0
22895,45962,1.0
22932,25264,1.0
22932,26079,1.0
22932,30390,1.0
22932,37182,1.0
22932,60060,1.0
22954,39270,1.0
22954,46866,1.0
22954,57774,1.0
23035,279,2.0
23035,1223,1.0
23035,2975,3.0
23035,7405,1.0
23035,12311,1.0
23035,14974,1.0
23035,15335,2.0
23035,15634,2.0
23035,16512,1.0
23035,17127,1.0
23035,20474,2.0
23035,23545,1.0
23035,28361,2.0
23035,31337,1.0
23035,34033,1.0
23035,37189,1.0
23035,37190,1.0
23035,37302,1.0
23035,40978,1.0
23035,41657,1.0
23035,42040,2.0
23035,46025,1.0
23035,51270,1.0
23035,51713,1.0
23035,53488,2.0
23035,54868,2.0
23035,55180,1.0
23035,56951,1.0
23035,57026,1.0
23035,58209,1.0
23078,30066,1.0
23078,39681,1.0
23078,40790,1.0
23078,56785,1.0
23078,56786,1.0
23078,59536,1.0
23080,25657,1.0
23080,43672,1.0
23080,57296,1.0
23096,35252,1.0
23132,37545,1.0
23152,24113,1.0
23152,45656,1.0
23181,24450,1.0
23181,24931,1.0
23181,25976,1.0
23181,26641,1.0
23181,30847,1.0
23181,32603,1.0
23181,32716,1.0
23181,34519,1.0
23181,36352,1.0
23181,36881,1.0
23181,37186,1.0
23181,39362,1.0
23181,39801,1.0
23181,40477,1.0
23181,42483,1.0
23181,43758,1.0
23181,46188,1.0
23181,46957,1.0
23181,47585,1.0
23181,54939,1.0
23181,55136,1.0
23181,55489,1.0
23181,57964,1.0
23181,58668,1.0
23181,58991,1.0
23181,59405,1.0
23181,59627,1.0
23181,60175,1.0
23181,60372,1.0
23224,33546,1.0
23224,58262,1.0
23274,58685,1.0
23296,38461,1.0
23307,40116,1.0
23307,54691,1.0
23308,2432,1.0
23308,10822,1.0
23308,23311,2.0
23308,23564,3.0
23308,24906,2.0
23308,24907,1.0
23308,26039,3.0
23308,27660,3.0
23308,29156,3.0
23308,29403,3.0
23308,29990,3.0
23308,34707,2.0
23308,34901,3.0
23308,37181,3.0
23308,37574,1.0
23308,37849,3.0
23308,37891,2.0
23308,41444,3.0
23308,42543,2.0
23308,42915,1.0
23308,45437,2.0
23308,45438,1.0
23308,47601,3.0
23308,48903,3.0
23308,52256,1.0
23308,52298,3.0
23308,52421,3.0
23308,53145,3.0
23308,55232,2.0
23308,55467,3.0
23308,56563,3.0
23308,56839,2.0
23308,57623,3.0
23308,59229,2.0
23308,59231,1.0
23308,59650,2.0
23308,59651,1.0
23308,60457,3.0
23311,23564,2.0
23311,24906,2.0
23311,26039,2.0
23311,27660,2.0
23311,29156,2.0
23311,29403,2.0
23311,29990,2.0
23311,34707,2.0
23311,34901,2.0
23311,37181,2.0
23311,37849,2.0
23311,37891,2.0
23311,41444,2.0
23311,42543,2.0
23311,45437,2.0
23311,47601,2.0
23311,48903,2.0
23311,52298,2.0
23311,52421,2.0
23311,53145,2.0
23311,55232,2.0
23311,55467,2.0
23311,56563,2.0
23311,56839,2.0
23311,57623,2.0
23311,59229,2.0
23311,59650,2.0
23311,60457,2.0
23331,50135,1.0
23349,24389,1.0
23368,24949,1.0
23368,35260,1.0
23368,47605,1.0
23382,34055,1.0
23387,59290,1.0
23439,25494,1.0
23439,30122,1.0
23439,30935,1.0
23439,40024,1.0
23439,47107,1.0
23439,56332,2.0
23480,28139,1.0
23480,30014,1.0
23480,56016,1.0
23490,24166,1.0
23490,24778,1.0
23490,29748,1.0
23490,42469,1.0
23490,44293,1.0
23490,45139,1.0
23490,45740,1.0
23490,52447,1.0
23490,55917,1.0
23490,56496,1.0
23490,58821,1.0
23545,34033,1.0
23545,40978,1.0
23551,30148,1.0
23560,49963,1.0
23560,53095,1.0
23564,24906,2.0
23564,24907,1.0
23564,26039,3.0
23564,27660,3.0
23564,29156,3.0
23564,29403,3.0
23564,29990,3.0
23564,34707,2.0
23564,34901,3.0
23564,37181,3.0
23564,37849,3.0
23564,37891,2.0
23564,41444,3.0
23564,42543,2.0
23564,42915,1.0
23564,45437,2.0
23564,45438,1.0
23564,47601,3.0
23564,48903,3.0
23564,52298,3.0
23564,52421,3.0
23564,53145,3.0
23564,55232,2.0
23564,55467,3.0
23564,56563,3.0
23564,56839,2.0
23564,57623,3.0
23564,59229,2.0
23564,59231,1.0
23564,59650,2.0
23564,59651,1.0
23564,60457,3.0
23574,25327,1.0
23574,30299,1.0
23574,34265,1.0
23574,35537,1.0
23574,40566,1.0
23621,1950,2.0
23621,7751,1.0
23621,13788,3.0
23621,17184,1.0
23621,19587,1.0
23621,20327,1.0
23621,20333,2.0
23621,23731,2.0
23621,24924,1.0
23621,26620,1.0
23621,26889,1.0
23621,28008,1.0
23621,29995,1.0
23621,30062,1.0
23621,30076,1.0
23621,31415,1.0
23621,32496,1.0
23621,35698,1.0
23621,39650,1.0
23621,41635,4.0
23621,52462,2.0
23621,53092,2.0
23621,54603,1.0
23634,38628,1.0
23639,16109,1.0
23639,22447,3.0
23639,24037,1.0
23639,24132,5.0
23639,25634,1.0
23639,29904,1.0
23639,30353,2.0
23639,36930,2.0
23639,40400,1.0
23639,43346,1.0
23639,55035,1.0
23639,60279,1.0
23639,60443,1.0
23668,24335,1.0
23668,46937,1.0
23668,49882,1.0
23668,59419,1.0
23669,4630,1.0
23669,6038,1.0
23669,6117,1.0
23669,7420,1.0
23669,16109,3.0
23669,24335,1.0
23669,31678,4.0
23669,32978,1.0
23669,39431,1.0
23669,41868,1.0
23669,42599,1.0
23669,50148,1.0
23669,51117,1.0
23669,53232,1.0
23669,59419,1.0
23669,59872,2.0
23731,53092,2.0
23731,54603,1.0
23733,11488,1.0
23733,20398,1.0
23733,21377,1.0
23733,30605,1.0
23733,34096,2.0
23733,44161,1.0
23733,47227,1.0
23733,49055,1.0
23733,49193,1.0
23735,24966,2.0
23735,27376,2.0
23735,29346,2.0
23735,30825,2.0
23735,32068,2.0
23735,35534,2.0
23735,36870,2.0
23735,36946,2.0
23735,41486,2.0
23735,41844,2.0
23735,42017,2.0
23735,43773,2.0
23735,43979,2.0
23735,44490,2.0
23735,47115,2.0
23735,47468,2.0
23735,48185,2.0
23735,49397,2.0
23735,49832,2.0
23735,50268,2.0
23735,51476,2.0
23735,51814,2.0
23735,57730,2.0
23758,18273,1.0
23758,19460,1.0
23758,28001,1.0
23758,28277,4.0
23758,32794,1.0
23758,50290,1.0
23758,51993,1.0
23758,54288,1.0
23808,15239,1.0
23808,16776,1.0
23808,23152,1.0
23808,24113,1.0
23808,28808,1.0
23808,31320,2.0
23808,35382,1.0
23808,41137,2.0
23808,43749,1.0
23808,44024,4.0
23808,45656,1.0
23808,58752,1.0
23808,60562,1.0
23808,60563,1.0
23920,25307,2.0
23920,33489,2.0
23920,41625,2.0
23920,46387,2.0
23920,57366,2.0
23957,10744,2.0
23957,57904,1.0
23957,57907,1.0
23967,4906,1.0
23967,5829,1.0
23967,13939,1.0
23967,18980,1.0
23967,19726,1.0
23967,21580,2.0
23967,23621,1.0
23967,28008,1.0
23967,31182,2.0
23967,31801,2.0
23967,33086,1.0
23967,34135,1.0
23967,36838,1.0
23967,41635,1.0
23967,49245,1.0
23967,56867,1.0
23968,25577,2.0
23969,43938,1.0
23969,54678,1.0
24009,27053,1.0
24010,37320,1.0
24037,5310,1.0
24037,18013,1.0
24037,18014,1.0
24037,24132,2.0
24037,36309,1.0
24037,59957,1.0
24037,60279,1.0
24037,60443,1.0
24037,60444,1.0
24065,33841,1.0
24065,38348,1.0
24065,55239,1.0
24069,27829,1.0
24069,32173,1.0
24069,35303,1.0
24069,47954,1.0
24086,31190,1.0
24086,59645,1.0
24101,48001,2.0
24113,45656,1.0
24132,16109,1.0
24132,18014,1.0
24132,25634,1.0
24132,60279,2.0
24132,60443,1.0
24132,60444,1.0
24142,25297,1.0
24142,27336,1.0
24142,30191,1.0
24142,31700,1.0
24142,32539,1.0
24142,37666,1.0
24142,41455,1.0
24142,43911,1.0
24142,51120,1.0
24142,56897,1.0
24142,57250,1.0
24142,57361,1.0
24143,52148,1.0
24166,24778,1.0
24166,29748,1.0
24166,42469,1.0
24166,44293,1.0
24166,45139,1.0
24166,45740,1.0
24166,52447,1.0
24166,55917,1.0
24166,56496,1.0
24166,58821,1.0
24170,4002,1.0
24170,7723,1.0
24170,9135,2.0
24170,10424,1.0
24170,16303,1.0
24170,18273,2.0
24170,19460,1.0
24170,23758,1.0
24170,28832,1.0
24170,30439,2.0
24170,32117,1.0
24170,36316,1.0
24170,39551,1.0
24170,41039,2.0
24170,43605,1.0
24170,44004,2.0
24170,44929,1.0
24170,50290,2.0
24170,51993,1.0
24170,55214,1.0
24170,58638,1.0
24170,59104,1.0
24170,59460,1.0
24170,60134,1.0
24196,31145,3.0
24196,46500,1.0
24196,55113,2.0
24228,52686,1.0
24228,54897,1.0
24230,50251,1.0
24231,35242,1.0
24231,50251,1.0
24332,42533,1.0
24332,42724,1.0
24332,56495,1.0
24335,46937,1.0
24335,49882,1.0
24335,59419,2.0
24376,25683,1.0
24376,33494,1.0
24376,56271,1.0
24376,57366,1.0
24450,24931,1.0
24450,25976,1.0
24450,26641,1.0
24450,30847,1.0
24450,32603,1.0
24450,32716,1.0
24450,34519,1.0
24450,36352,1.0
24450,36881,1.0
24450,37186,1.0
24450,39362,1.0
24450,39801,1.0
24450,40477,1.0
24450,42483,1.0
24450,43758,1.0
24450,46188,1.0
24450,46957,1.0
24450,47585,1.0
24450,54939,1.0
24450,55136,1.0
24450,55489,1.0
24450,57964,1.0
24450,58668,1.0
24450,58991,1.0
24450,59405,1.0
24450,59627,1.0
24450,60175,1.0
24450,60372,1.0
24467,40590,1.0
24469,40590,1.0
24469,47786,1.0
24492,42325,1.0
24492,59561,1.0
24495,31483,1.0
24495,58705,1.0
24557,5310,1.0
24557,6767,1.0
24557,16109,2.0
24557,18013,1.0
24557,24037,1.0
24557,24132,1.0
24557,34877,2.0
24557,41617,2.0
24557,60444,1.0
24579,18302,1.0
24579,23560,1.0
24579,26559,1.0
24579,28081,1.0
24579,31691,1.0
24579,49963,1.0
24579,50773,1.0
24579,53095,1.0
24579,58286,1.0
24579,58583,1.0
24587,26642,1.0
24587,58938,1.0
24587,60068,1.0
24629,27461,1.0
24629,35977,1.0
24629,38019,1.0
24730,28536,1.0
24767,51626,1.0
24778,29748,1.0
24778,42469,1.0
24778,44293,1.0
24778,45139,1.0
24778,45740,1.0
24778,52447,1.0
24778,55917,1.0
24778,56496,1.0
24778,58821,1.0
24877,41172,1.0
24877,53992,1.0
24906,15125,1.0
24906,16397,1.0
24906,16655,2.0
24906,18260,1.0
24906,26039,2.0
24906,27660,2.0
24906,29156,2.0
24906,29403,2.0
24906,29990,2.0
24906,34707,2.0
24906,34901,2.0
24906,35516,2.0
24906,37181,2.0
24906,37849,2.0
24906,37891,2.0
24906,41444,2.0
24906,42543,2.0
24906,45437,2.0
24906,47601,2.0
24906,48903,2.0
24906,52298,2.0
24906,52421,2.0
24906,53145,2.0
24906,55232,2.0
24906,55467,2.0
24906,56563,2.0
24906,56839,2.0
24906,57623,2.0
24906,59229,2.0
24906,59650,2.0
24906,60457,2.0
24907,26039,1.0
24907,27660,1.0
24907,29156,1.0
24907,29403,1.0
24907,29990,1.0
24907,34901,1.0
24907,37181,1.0
24907,37849,1.0
24907,41444,1.0
24907,42915,1.0
24907,45438,1.0
24907,47601,1.0
24907,48903,1.0
24907,52298,1.0
24907,52421,1.0
24907,53145,1.0
24907,55467,1.0
24907,56563,1.0
24907,57623,1.0
24907,59231,1.0
24907,59651,1.0
24907,60457,1.0
24910,42554,1.0
24924,35698,1.0
24931,624,3.0
24931,1820,3.0
24931,2794,3.0
24931,4885,3.0
24931,5799,3.0
24931,8901,2.0
24931,12413,3.0
24931,12478,3.0
24931,15316,3.0
24931,16323,3.0
24931,16459,3.0
24931,16733,3.0
24931,16927,3.0
24931,17717,3.0
24931,18090,3.0
24931,19607,3.0
24931,21883,3.0
24931,23308,3.0
24931,23311,2.0
24931,23564,3.0
24931,24906,2.0
24931,24907,1.0
24931,25976,1.0
24931,26039,3.0
24931,26641,1.0
24931,27660,3.0
24931,29156,3.0
24931,29403,3.0
24931,29990,3.0
24931,30847,1.0
24931,32603,1.0
24931,32716,1.0
24931,34519,1.0
24931,34707,2.0
24931,34901,3.0
24931,36352,1.0
24931,36881,1.0
24931,37181,3.0
24931,37186,1.0
24931,37849,3.0
24931,37891,2.0
24931,39362,1.0
24931,39801,1.0
24931,40477,1.0
24931,41444,3.0
24931,42483,1.0
24931,42543,2.0
24931,42915,1.0
24931,43758,4.0
24931,45437,2.0
24931,45438,1.0
24931,46188,1.0
24931,46957,1.0
24931,47585,1.0
24931,47601,3.0
24931,48903,3.0
24931,52298,3.0
24931,52421,3.0
24931,53145,3.0
24931,54939,1.0
24931,55136,1.0
24931,55232,2.0
24931,55467,3.0
24931,55489,1.0
24931,56563,3.0
24931,56839,2.0
24931,57623,3.0
24931,57964,1.0
24931,58668,1.0
24931,58991,1.0
24931,59229,2.0
24931,59231,1.0
24931,59405,1.0
24931,59627,4.0
24931,59650,2.0
24931,59651,1.0
24931,60175,4.0
24931,60372,1.0
24931,60457,3.0
24933,23969,1.0
24933,35382,1.0
24933,43572,1.0
24933,45269,2.0
24933,54678,1.0
24933,56358,1.0
24949,5659,3.0
24949,26370,7.0
24949,35260,1.0
24949,47605,1.0
24949,49419,1.0
24949,58694,1.0
24960,15583,1.0
24960,21567,1.0
24960,27962,1.0
24966,27376,2.0
24966,29346,2.0
24966,30825,2.0
24966,32068,2.0
24966,35534,2.0
24966,36870,2.0
24966,36946,2.0
24966,41486,2.0
24966,41844,2.0
24966,42017,2.0
24966,43773,2.0
24966,43979,2.0
24966,44490,2.0
24966,47115,2.0
24966,47468,2.0
24966,48185,2.0
24966,49397,2.0
24966,49832,2.0
24966,50268,2.0
24966,51476,2.0
24966,51814,2.0
24966,57730,2.0
24975,41517,1.0
24975,60077,1.0
25072,6983,1.0
25072,7757,1.0
25072,10981,2.0
25072,15495,2.0
25072,17378,2.0
25072,28897,1.0
25072,33510,1.0
25072,33725,2.0
25072,40234,1.0
25072,40646,2.0
25072,44368,1.0
25072,47511,1.0
25072,50990,1.0
25072,54348,2.0
25112,31165,1.0
25182,25266,1.0
25182,26912,1.0
25182,29464,1.0
25182,34421,1.0
25182,42897,1.0
25182,56018,1.0
25182,59632,1.0
25210,27007,1.0
25210,27927,1.0
25210,28298,1.0
25210,31337,1.0
25210,36791,2.0
25210,38809,2.0
25210,39112,1.0
25210,40177,2.0
25210,40225,1.0
25210,41128,1.0
25210,48387,2.0
25210,49133,1.0
25210,51270,1.0
25210,53488,2.0
25210,53637,1.0
25210,53638,1.0
25210,54422,1.0
25249,29294,1.0
25249,51270,1.0
25249,53498,1.0
25250,27927,2.0
25250,27957,1.0
25250,28298,2.0
25250,36544,1.0
25250,37600,1.0
25250,40177,2.0
25250,51992,1.0
25250,53488,3.0
25250,54403,1.0
25250,54422,1.0
25250,54868,3.0
25250,56951,1.0
25262,32981,1.0
25262,43965,1.0
25262,45414,1.0
25262,60304,1.0
25264,26079,1.0
25264,30390,1.0
25264,37182,1.0
25264,37601,1.0
25264,60060,1.0
25266,26912,1.0
25266,29464,1.0
25266,34421,1.0
25266,42897,1.0
25266,56018,1.0
25266,59632,1.0
25297,27336,1.0
25297,30191,1.0
25297,31700,1.0
25297,32539,1.0
25297,37666,1.0
25297,41455,1.0
25297,43911,1.0
25297,51120,1.0
25297,56897,1.0
25297,57250,1.0
25297,57361,1.0
25307,41625,2.0
25327,30299,1.0
25327,34265,1.0
25327,35537,1.0
25327,40566,1.0
25378,29462,1.0
25402,20997,1.0
25402,38720,2.0
25402,48694,1.0
25494,30122,1.0
25494,30935,1.0
25494,40024,1.0
25494,47107,1.0
25494,56332,1.0
25561,37797,1.0
25657,43672,1.0
25657,57296,1.0
25658,26676,1.0
25683,33494,1.0
25683,56271,1.0
25683,57366,1.0
25861,52291,1.0
25905,39477,1.0
25976,26641,1.0
25976,30847,1.0
25976,32603,1.0
25976,32716,1.0
25976,34519,1.0
25976,36352,1.0
25976,36881,1.0
25976,37186,1.0
25976,39362,1.0
25976,39801,1.0
25976,40477,1.0
25976,42483,1.0
25976,43758,1.0
25976,46188,1.0
25976,46957,1.0
25976,47585,1.0
25976,54939,1.0
25976,55136,1.0
25976,55489,1.0
25976,57964,1.0
25976,58668,1.0
25976,58991,1.0
25976,59405,1.0
25976,59627,1.0
25976,60175,1.0
25976,60372,1.0
26012,38081,1.0
26012,55910,1.0
26022,54688,1.0
26022,55941,1.0
26039,27660,3.0
26039,29156,3.0
26039,29403,3.0
26039,29990,3.0
26039,34707,2.0
26039,34901,3.0
26039,37181,3.0
26039,37849,3.0
26039,37891,2.0
26039,41444,3.0
26039,42543,2.0
26039,42915,1.0
26039,45437,2.0
26039,45438,1.0
26039,47601,3.0
26039,48903,3.0
26039,52298,3.0
26039,52421,3.0
26039,53145,3.0
26039,55232,2.0
26039,55467,3.0
26039,56563,3.0
26039,56839,2.0
26039,57623,3.0
26039,59229,2.0
26039,59231,1.0
26039,59650,2.0
26039,59651,1.0
26039,60457,3.0
26079,30390,1.0
26079,37182,1.0
26079,60060,1.0
26129,6443,1.0
26129,10375,1.0
26129,11963,1.0
26129,15857,1.0
26129,16107,1.0
26129,16530,2.0
26129,19162,1.0
26129,21189,1.0
26129,26750,1.0
26129,29190,1.0
26129,29396,1.0
26129,30574,1.0
26129,33951,1.0
26129,35108,1.0
26129,35826,1.0
26129,36421,3.0
26129,39175,1.0
26129,42069,1.0
26129,43070,1.0
26129,43856,1.0
26129,46293,1.0
26129,47081,1.0
26129,47966,1.0
26129,51404,1.0
26129,52076,1.0
26129,53514,1.0
26129,55504,1.0
26129,55505,2.0
26129,56012,1.0
26129,56093,1.0
26129,59949,1.0
26160,4906,5.0
26160,16056,1.0
26160,17496,1.0
26160,30815,6.0
26160,31801,2.0
26160,33088,1.0
26160,36838,1.0
26160,38936,3.0
26160,51796,3.0
26167,42278,1.0
26167,58156,1.0
26221,35642,1.0
26245,26633,1.0
26245,60261,1.0
26268,6720,1.0
26268,30308,1.0
26268,31153,1.0
26268,48757,3.0
26282,59180,1.0
26283,30383,1.0
26283,36710,1.0
26283,37264,1.0
26283,38016,1.0
26283,42486,1.0
26283,47371,1.0
26283,56643,1.0
26370,5659,3.0
26370,19631,1.0
26370,21597,1.0
26370,23551,1.0
26370,30148,1.0
26370,36148,1.0
26370,45097,1.0
26370,49419,1.0
26370,58694,1.0
26534,5908,1.0
26534,12757,1.0
26534,36791,4.0
26534,40009,4.0
26534,46890,1.0
26534,47901,1.0
26534,49829,1.0
26534,54615,1.0
26534,54955,1.0
26534,56352,1.0
26534,57908,1.0
26534,59508,1.0
26534,59589,1.0
26534,60246,1.0
26559,31691,1.0
26559,58286,1.0
26575,34006,1.0
26606,42954,1.0
26606,45301,1.0
26606,50073,1.0
26606,57373,1.0
26606,59027,1.0
26607,43474,1.0
26620,13788,1.0
26620,20333,1.0
26620,24086,1.0
26620,30130,1.0
26620,30411,1.0
26620,31190,2.0
26620,36157,1.0
26620,40740,1.0
26620,41635,1.0
26620,46832,4.0
26620,59645,1.0
26633,2808,1.0
26633,4482,3.0
26633,6866,1.0
26633,12516,1.0
26633,16689,2.0
26633,20612,1.0
26633,20616,1.0
26633,27191,1.0
26633,28221,1.0
26633,30843,1.0
26633,43095,1.0
26633,49539,1.0
26633,52126,1.0
26633,60261,6.0
26641,30847,1.0
26641,32603,1.0
26641,32716,1.0
26641,34519,1.0
26641,36352,1.0
26641,36881,1.0
26641,37186,1.0
26641,39362,1.0
26641,39801,1.0
26641,40477,1.0
26641,42483,1.0
26641,43758,1.0
26641,46188,1.0
26641,46957,1.0
26641,47585,1.0
26641,54939,1.0
26641,55136,1.0
26641,55489,1.0
26641,57964,1.0
26641,58668,1.0
26641,58991,1.0
26641,59405,1.0
26641,59627,1.0
26641,60175,1.0
26641,60372,1.0
26642,58938,1.0
26642,60068,1.0
26673,12956,1.0
26673,20643,7.0
26673,20695,9.0
26673,35192,2.0
26673,40535,1.0
26673,42293,1.0
26673,44964,1.0
26673,49358,10.0
26673,49359,2.0
26673,49374,1.0
26673,54497,1.0
26673,58339,5.0
26673,58550,1.0
26689,60465,1.0
26744,32557,1.0
26744,49440,1.0
26744,56625,1.0
26744,60004,1.0
26750,30574,1.0
26750,55505,1.0
26817,35538,1.0
26817,49530,1.0
26817,53162,1.0
26817,59886,1.0
26817,60217,1.0
26889,52462,1.0
26912,29464,1.0
26912,34421,1.0
26912,42897,1.0
26912,56018,1.0
26912,59632,1.0
26954,53873,1.0
26979,60222,1.0
26995,31241,1.0
26995,37981,1.0
26995,43740,1.0
26995,52498,1.0
26995,53210,1.0
26995,59425,1.0
26995,60317,1.0
27007,27927,1.0
27007,28298,1.0
27007,53488,1.0
27065,8132,1.0
27065,10390,1.0
27065,31839,1.0
27065,51277,1.0
27065,52953,1.0
27249,50278,1.0
27249,54897,1.0
27249,55507,1.0
27294,28361,1.0
27294,54422,1.0
27294,54868,1.0
27309,34292,1.0
27309,40550,1.0
27309,60557,1.0
27310,40549,1.0
27336,30191,1.0
27336,31700,1.0
27336,32539,1.0
27336,37666,1.0
27336,41455,1.0
27336,43911,1.0
27336,51120,1.0
27336,56897,1.0
27336,57250,1.0
27336,57361,1.0
27357,8335,1.0
27357,29543,1.0
27357,37730,1.0
27357,39259,1.0
27357,44534,1.0
27357,44535,1.0
27357,54825,2.0
27357,59084,1.0
27376,29346,2.0
27376,30825,2.0
27376,32068,2.0
27376,35534,2.0
27376,36870,2.0
27376,36946,2.0
27376,41486,2.0
27376,41844,2.0
27376,42017,2.0
27376,43773,2.0
27376,43979,2.0
27376,44490,2.0
27376,47115,2.0
27376,47468,2.0
27376,48185,2.0
27376,49397,2.0
27376,49832,2.0
27376,50268,2.0
27376,51476,2.0
27376,51814,2.0
27376,57730,2.0
27427,28097,1.0
27427,29688,1.0
27427,45197,1.0
27427,52361,1.0
27461,35977,1.0
27461,38019,1.0
27480,35386,1.0
27575,33855,1.0
27575,56899,1.0
27575,59343,1.0
27601,42501,1.0
27611,44422,1.0
27660,29156,3.0
27660,29403,3.0
27660,29990,3.0
27660,34707,2.0
27660,34901,3.0
27660,37181,3.0
27660,37849,3.0
27660,37891,2.0
27660,41444,3.0
27660,42543,2.0
27660,42915,1.0
27660,45437,2.0
27660,45438,1.0
27660,47601,3.0
27660,48903,3.0
27660,52298,3.0
27660,52421,3.0
27660,53145,3.0
27660,55232,2.0
27660,55467,3.0
27660,56563,3.0
27660,56839,2.0
27660,57623,3.0
27660,59229,2.0
27660,59231,1.0
27660,59650,2.0
27660,59651,1.0
27660,60457,3.0
27754,4411,1.0
27754,14042,1.0
27754,27890,1.0
27754,27954,1.0
27754,30784,1.0
27754,32242,1.0
27754,33981,1.0
27754,40122,2.0
27754,43698,2.0
27754,46207,1.0
27754,51317,1.0
27754,58967,1.0
27756,47958,1.0
27756,55610,1.0
27799,56785,1.0
27799,58289,1.0
27819,48246,1.0
27819,48247,1.0
27829,32173,1.0
27829,35303,1.0
27829,47954,1.0
27847,25658,1.0
27847,26676,1.0
27847,40219,1.0
27881,58384,1.0
27890,9338,1.0
27890,32837,1.0
27890,40122,1.0
27890,40952,1.0
27890,46207,1.0
27921,44466,2.0
27921,46818,1.0
27921,58636,3.0
27927,28298,1.0
27927,36544,1.0
27927,36791,2.0
27927,39940,2.0
27927,45601,1.0
27927,53488,4.0
27927,54422,3.0
27929,39940,1.0
27929,54421,1.0
27953,10896,1.0
27953,31862,2.0
27953,42504,2.0
27953,43697,2.0
27953,50009,4.0
27953,51270,1.0
27953,53488,2.0
27953,54868,2.0
27953,60221,8.0
27954,4411,1.0
27954,5492,2.0
27954,26979,1.0
27954,30784,1.0
27954,33981,1.0
27954,38418,2.0
27954,43698,6.0
27954,51317,1.0
27954,60222,1.0
27954,60223,1.0
27954,60224,4.0
27957,54868,1.0
27964,4320,1.0
27964,11747,2.0
27964,14571,1.0
27964,20589,1.0
27964,22512,1.0
27964,23224,1.0
27964,33546,2.0
27964,40564,1.0
27964,43918,1.0
27964,44204,2.0
27964,51476,1.0
27964,52974,5.0
27964,54461,1.0
27964,54463,4.0
27964,54530,1.0
27964,54654,5.0
27964,55454,2.0
27964,58262,2.0
27996,39389,1.0
27996,55753,1.0
28001,28277,1.0
28020,2475,1.0
28020,6194,1.0
28020,7403,1.0
28020,8476,1.0
28020,18135,1.0
28020,37545,2.0
28020,40116,1.0
28081,14082,1.0
28081,17261,4.0
28081,22542,3.0
28081,41673,1.0
28081,46492,1.0
28081,50773,1.0
28081,51852,1.0
28081,54289,1.0
28081,56200,1.0
28081,58583,1.0
28096,29688,1.0
28096,45197,1.0
28096,52364,1.0
28096,60007,1.0
28097,29688,1.0
28097,45197,1.0
28097,52361,1.0
28139,30014,1.0
28139,56016,1.0
28157,37320,1.0
28180,32870,1.0
28180,38603,1.0
28221,52126,1.0
28273,18195,1.0
28273,47008,1.0
28273,51167,1.0
28273,53126,1.0
28273,60220,1.0
28277,32794,1.0
28277,54288,1.0
28298,1131,1.0
28298,11432,1.0
28298,31337,1.0
28298,48387,3.0
28298,51992,1.0
28298,53488,3.0
28298,59714,1.0
28361,42040,2.0
28361,46337,2.0
28361,53488,2.0
28361,53638,2.0
28361,54422,1.0
28361,54868,5.0
28361,56591,2.0
28382,17407,1.0
28382,51054,1.0
28382,58649,1.0
28494,54272,1.0
28532,49917,1.0
28535,15599,2.0
28535,23920,2.0
28535,25307,2.0
28535,32706,1.0
28535,33750,1.0
28535,36544,1.0
28535,36712,1.0
28535,40010,2.0
28535,40226,1.0
28535,41625,2.0
28535,51270,3.0
28535,55720,1.0
28535,56951,2.0
28569,57815,1.0
28671,57590,1.0
28744,43898,1.0
28744,50009,1.0
28744,50690,1.0
28744,60221,1.0
28760,30243,1.0
28760,32443,1.0
28760,42263,1.0
28760,42264,1.0
28760,45097,1.0
28783,38372,1.0
28783,58287,1.0
28783,59025,1.0
28784,38373,1.0
28784,58285,1.0
28784,59025,1.0
28788,30075,2.0
28788,34576,2.0
28788,40010,2.0
28788,54057,2.0
28808,60563,1.0
28832,55214,1.0
28873,34303,1.0
28873,48329,1.0
28881,36741,1.0
28881,39907,1.0
28897,18796,1.0
28897,33510,3.0
28897,40234,1.0
28897,44368,1.0
28897,47511,1.0
28907,39524,3.0
28907,48048,1.0
28907,48049,1.0
28941,20736,2.0
28941,22069,1.0
28941,34645,1.0
28941,37711,4.0
28941,39868,1.0
28941,42617,1.0
28941,57210,3.0
29015,42293,1.0
29087,8469,2.0
29087,29232,2.0
29087,41932,2.0
29104,6657,1.0
29104,13727,1.0
29104,22682,2.0
29104,37545,1.0
29105,45113,1.0
29128,31053,1.0
29156,29403,3.0
29156,29990,3.0
29156,34707,2.0
29156,34901,3.0
29156,37181,3.0
29156,37849,3.0
29156,37891,2.0
29156,41444,3.0
29156,42543,2.0
29156,42915,1.0
29156,45437,2.0
29156,45438,1.0
29156,47601,3.0
29156,48903,3.0
29156,52298,3.0
29156,52421,3.0
29156,53145,3.0
29156,55232,2.0
29156,55467,3.0
29156,56563,3.0
29156,56839,2.0
29156,57623,3.0
29156,59229,2.0
29156,59231,1.0
29156,59650,2.0
29156,59651,1.0
29156,60457,3.0
29190,33951,1.0
29190,55504,1.0
29210,41657,1.0
29210,49513,1.0
29210,52215,1.0
29274,29449,1.0
29274,47168,2.0
29276,35488,1.0
29289,3612,1.0
29289,4599,1.0
29289,10259,1.0
29289,17999,1.0
29289,20001,1.0
29289,30793,1.0
29289,32662,1.0
29289,34369,1.0
29289,35488,1.0
29289,39971,1.0
29289,53973,1.0
29294,1439,2.0
29294,4722,1.0
29294,14090,1.0
29294,19579,1.0
29294,21411,1.0
29294,40010,1.0
29294,51270,1.0
29294,51404,1.0
29294,53498,1.0
29322,31383,1.0
29346,30825,2.0
29346,32068,2.0
29346,35534,2.0
29346,36870,2.0
29346,36946,2.0
29346,41486,2.0
29346,41844,2.0
29346,42017,2.0
29346,43773,2.0
29346,43979,2.0
29346,44490,2.0
29346,47115,2.0
29346,47468,2.0
29346,48185,2.0
29346,49397,2.0
29346,49832,2.0
29346,50268,2.0
29346,51476,2.0
29346,51814,2.0
29346,57730,2.0
29363,48841,1.0
29396,35826,1.0
29396,42069,1.0
29396,51404,1.0
29396,52076,1.0
29403,1728,3.0
29403,7469,1.0
29403,8651,2.0
29403,12466,1.0
29403,17916,2.0
29403,21423,1.0
29403,25262,1.0
29403,29468,2.0
29403,29927,5.0
29403,29990,3.0
29403,30541,2.0
29403,32075,1.0
29403,32981,1.0
29403,34663,3.0
29403,34707,2.0
29403,34901,3.0
29403,37132,2.0
29403,37181,3.0
29403,37849,3.0
29403,37891,2.0
29403,41444,3.0
29403,42543,2.0
29403,42915,1.0
29403,43457,2.0
29403,43965,1.0
29403,45414,1.0
29403,45437,2.0
29403,45438,1.0
29403,45598,3.0
29403,47601,3.0
29403,48903,3.0
29403,52298,3.0
29403,52421,3.0
29403,53145,3.0
29403,55232,2.0
29403,55467,3.0
29403,56563,3.0
29403,56839,2.0
29403,57432,1.0
29403,57623,3.0
29403,59229,2.0
29403,59231,1.0
29403,59599,1.0
29403,59650,2.0
29403,59651,1.0
29403,60304,1.0
29403,60457,3.0
29430,24730,1.0
29430,28536,1.0
29446,34019,4.0
29446,35147,2.0
29446,40400,2.0
29446,41236,3.0
29446,60310,4.0
29464,34421,1.0
29464,42897,1.0
29464,56018,1.0
29464,59632,1.0
29495,33072,1.0
29495,34747,1.0
29495,45832,1.0
29495,46317,1.0
29495,53149,1.0
29543,59084,1.0
29566,48875,1.0
29681,5485,2.0
29681,5514,1.0
29681,23274,2.0
29681,28783,1.0
29681,28784,1.0
29681,37132,1.0
29681,38372,1.0
29681,38373,1.0
29681,42860,5.0
29681,58285,1.0
29681,58287,1.0
29681,58491,1.0
29681,58685,1.0
29681,59025,2.0
29688,45197,2.0
29688,52361,1.0
29688,52364,1.0
29688,60007,1.0
29748,12245,1.0
29748,42469,1.0
29748,44293,1.0
29748,45139,1.0
29748,45740,1.0
29748,52447,1.0
29748,55917,1.0
29748,56496,1.0
29748,58821,1.0
29768,30222,1.0
29768,31901,1.0
29768,32326,1.0
29768,53024,1.0
29787,15312,1.0
29787,26954,1.0
29787,53873,1.0
29795,4129,1.0
29795,15817,1.0
29795,39916,29.0
29795,42836,2.0
29795,47143,1.0
29795,49882,1.0
29795,54891,1.0
29795,56234,1.0
29815,33050,1.0
29815,54462,1.0
29815,54653,1.0
29815,55598,1.0
29815,58752,1.0
29848,31093,1.0
29848,56764,1.0
29927,6131,1.0
29927,6132,1.0
29927,7469,1.0
29927,11130,4.0
29927,12466,1.0
29927,31569,5.0
29927,31705,2.0
29927,34663,3.0
29927,36148,3.0
29927,39744,2.0
29927,39745,2.0
29927,40926,1.0
29927,45098,1.0
29927,45598,3.0
29927,48822,3.0
29955,34877,2.0
29955,41677,2.0
29957,57589,1.0
29990,34707,2.0
29990,34901,3.0
29990,37181,3.0
29990,37849,3.0
29990,37891,2.0
29990,41444,3.0
29990,42543,2.0
29990,42915,1.0
29990,45437,2.0
29990,45438,1.0
29990,47601,3.0
29990,48903,3.0
29990,52298,3.0
29990,52421,3.0
29990,53145,3.0
29990,55232,2.0
29990,55467,3.0
29990,56563,3.0
29990,56839,2.0
29990,57623,3.0
29990,59229,2.0
29990,59231,1.0
29990,59650,2.0
29990,59651,1.0
29990,60457,3.0
29995,30062,1.0
29995,30076,1.0
30001,37790,1.0
30001,49659,1.0
30014,56016,1.0
30062,30076,1.0
30066,59536,1.0
30075,34576,2.0
30075,40010,2.0
30075,54057,2.0
30122,30935,1.0
30122,40024,1.0
30122,47107,1.0
30122,56332,1.0
30130,36157,1.0
30130,40740,1.0
30130,47617,2.0
30130,59199,1.0
30191,20148,1.0
30191,22528,1.0
30191,30245,1.0
30191,31700,1.0
30191,32539,1.0
30191,37666,1.0
30191,40606,2.0
30191,41455,2.0
30191,43911,1.0
30191,47234,1.0
30191,51120,1.0
30191,56897,1.0
30191,57250,2.0
30191,57361,1.0
30222,31901,1.0
30222,32326,1.0
30222,53024,1.0
30243,42264,1.0
30243,45097,1.0
30261,32476,1.0
30261,45621,1.0
30261,46002,1.0
30261,57740,1.0
30299,34265,1.0
30299,35537,1.0
30299,40566,1.0
30305,30787,1.0
30309,5997,2.0
30309,19409,1.0
30309,20122,1.0
30309,21022,1.0
30309,22838,1.0
30309,36922,1.0
30309,36959,2.0
30309,40009,2.0
30309,49658,1.0
30309,56623,1.0
30353,29904,1.0
30353,46673,1.0
30353,51449,1.0
30353,54346,1.0
30353,55035,2.0
30355,46673,1.0
30383,36710,1.0
30383,37264,1.0
30383,38016,1.0
30383,42486,1.0
30383,47371,1.0
30383,56643,1.0
30390,37182,1.0
30390,60060,1.0
30439,39551,1.0
30480,3375,1.0
30480,34778,1.0
30480,40255,1.0
30480,40706,1.0
30480,54811,1.0
30499,8652,1.0
30499,10147,1.0
30499,14814,1.0
30499,20404,1.0
30499,29504,1.0
30499,37317,1.0
30499,50185,3.0
30499,59091,1.0
30499,59599,2.0
30499,59927,1.0
30500,46492,1.0
30541,43457,2.0
30574,55505,1.0
30605,47227,1.0
30605,49055,1.0
30661,15583,1.0
30661,21567,1.0
30661,24960,1.0
30661,27962,1.0
30762,53987,1.0
30784,33981,1.0
30784,43698,1.0
30784,51317,1.0
30786,8296,1.0
30786,13013,1.0
30786,19520,1.0
30786,20650,1.0
30786,20662,1.0
30786,28881,1.0
30786,28907,3.0
30786,36481,6.0
30786,36509,6.0
30786,36510,1.0
30786,36741,1.0
30786,39493,1.0
30786,39524,3.0
30786,39907,1.0
30786,45913,1.0
30786,47402,1.0
30786,48047,1.0
30786,48048,1.0
30786,48049,3.0
30786,50530,1.0
30786,51404,1.0
30786,52341,1.0
30786,54078,1.0
30786,58967,2.0
30792,6117,1.0
30792,13704,1.0
30792,13955,1.0
30792,17817,1.0
30792,21095,1.0
30792,21096,1.0
30792,25905,1.0
30792,26606,1.0
30792,42954,1.0
30792,45301,1.0
30792,50073,1.0
30792,57373,1.0
30792,59027,1.0
30793,32662,1.0
30793,39971,1.0
30793,40011,1.0
30815,2643,4.0
30815,4906,18.0
30815,5829,4.0
30815,6565,1.0
30815,14980,1.0
30815,16056,1.0
30815,16214,1.0
30815,17496,8.0
30815,17497,1.0
30815,21343,1.0
30815,23758,4.0
30815,23759,1.0
30815,24170,1.0
30815,26480,2.0
30815,28001,1.0
30815,28277,4.0
30815,31501,4.0
30815,31801,16.0
30815,32794,1.0
30815,33088,3.0
30815,33331,1.0
30815,33604,1.0
30815,36316,2.0
30815,36447,1.0
30815,36838,5.0
30815,38936,6.0
30815,48728,3.0
30815,49369,1.0
30815,49842,1.0
30815,51796,3.0
30815,52826,1.0
30815,54288,1.0
30815,54309,2.0
30815,58752,1.0
30815,59104,2.0
30815,60134,1.0
30825,32068,2.0
30825,35534,2.0
30825,36870,2.0
30825,36946,2.0
30825,41486,2.0
30825,41844,2.0
30825,42017,2.0
30825,43773,2.0
30825,43979,2.0
30825,44490,2.0
30825,47115,2.0
30825,47468,2.0
30825,48185,2.0
30825,49397,2.0
30825,49832,2.0
30825,50268,2.0
30825,51476,2.0
30825,51814,2.0
30825,57730,2.0
30843,43095,1.0
30844,56102,1.0
30847,32603,1.0
30847,32716,1.0
30847,34519,1.0
30847,36352,1.0
30847,36881,1.0
30847,37186,1.0
30847,39362,1.0
30847,39801,1.0
30847,40477,1.0
30847,42483,1.0
30847,43758,1.0
30847,46188,1.0
30847,46957,1.0
30847,47585,1.0
30847,54939,1.0
30847,55136,1.0
30847,55489,1.0
30847,57964,1.0
30847,58668,1.0
30847,58991,1.0
30847,59405,1.0
30847,59627,1.0
30847,60175,1.0
30847,60372,1.0
30935,30844,1.0
30935,40024,1.0
30935,47107,1.0
30935,56102,1.0
30935,56332,1.0
30949,2432,1.0
30949,20736,1.0
30949,22081,2.0
30949,22707,1.0
30949,28941,2.0
30949,35509,1.0
30949,37574,1.0
30949,37711,1.0
30949,39868,1.0
30949,46282,1.0
30949,57210,1.0
30950,39178,1.0
30950,42208,1.0
31003,29848,1.0
31003,31093,1.0
31003,41673,1.0
31003,54289,1.0
31003,56764,1.0
31093,56764,1.0
31145,40726,1.0
31145,46500,1.0
31145,49245,1.0
31145,55113,3.0
31153,30130,1.0
31153,34024,2.0
31153,39231,2.0
31153,44828,2.0
31153,46831,4.0
31153,46832,1.0
31153,47617,1.0
31161,55173,1.0
31182,21580,2.0
31182,33086,1.0
31182,56867,1.0
31182,59797,1.0
31190,30411,1.0
31190,59645,1.0
31197,42690,1.0
31197,44501,1.0
31197,60064,1.0
31241,37981,1.0
31241,43740,1.0
31241,52498,1.0
31241,53210,1.0
31241,59425,1.0
31241,60317,1.0
31277,33043,1.0
31277,55803,1.0
31320,28808,1.0
31320,41137,1.0
31320,44024,2.0
31320,60563,1.0
31337,17127,1.0
31337,37190,1.0
31337,38809,1.0
31337,41128,1.0
31337,59714,1.0
31415,32496,1.0
31415,39650,1.0
31483,58705,1.0
31501,26480,2.0
31501,33331,1.0
31569,31705,2.0
31569,39745,2.0
31569,45098,1.0
31569,48822,3.0
31678,6038,2.0
31678,6117,2.0
31678,10649,1.0
31678,12769,1.0
31678,16109,4.0
31678,17906,1.0
31678,18014,1.0
31678,23668,1.0
31678,24335,2.0
31678,35612,1.0
31678,42599,1.0
31678,46937,1.0
31678,49882,1.0
31678,53232,1.0
31678,59419,2.0
31691,58286,1.0
31700,32539,1.0
31700,37666,1.0
31700,41455,1.0
31700,43911,1.0
31700,51120,1.0
31700,56897,1.0
31700,57250,1.0
31700,57361,1.0
31705,48822,1.0
31706,10821,1.0
31706,35949,1.0
31706,42474,1.0
31706,50921,1.0
31766,3344,1.0
31766,10612,1.0
31766,17220,1.0
31766,21323,1.0
31766,23440,1.0
31766,35607,1.0
31766,36410,1.0
31766,40743,1.0
31766,52484,1.0
31766,56332,1.0
31766,57900,1.0
31789,53112,1.0
31789,60246,1.0
31801,2380,1.0
31801,4906,17.0
31801,5829,2.0
31801,6565,1.0
31801,6896,2.0
31801,9490,1.0
31801,13939,2.0
31801,14980,1.0
31801,16214,1.0
31801,16303,1.0
31801,17488,1.0
31801,17495,1.0
31801,17496,11.0
31801,17497,1.0
31801,18273,2.0
31801,19460,1.0
31801,21174,2.0
31801,21343,1.0
31801,21580,2.0
31801,23758,7.0
31801,23759,1.0
31801,24101,2.0
31801,24170,2.0
31801,26480,2.0
31801,28001,1.0
31801,28277,4.0
31801,31182,3.0
31801,31501,2.0
31801,32794,1.0
31801,33086,1.0
31801,33089,2.0
31801,33604,1.0
31801,36315,4.0
31801,36838,3.0
31801,48001,2.0
31801,49369,2.0
31801,50290,2.0
31801,51796,1.0
31801,51993,1.0
31801,54288,1.0
31801,54309,5.0
31801,54908,1.0
31801,56867,1.0
31801,57210,4.0
31801,58446,3.0
31801,59797,1.0
31874,171,1.0
31874,173,1.0
31874,3398,1.0
31874,6107,2.0
31874,8455,1.0
31874,8843,1.0
31874,11968,1.0
31874,13342,2.0
31874,13893,1.0
31874,17933,2.0
31874,22707,7.0
31874,39542,3.0
31874,40180,3.0
31874,40536,9.0
31874,43679,3.0
31874,46408,3.0
31874,49837,6.0
31874,52220,1.0
31874,57210,2.0
31874,58276,2.0
31874,60554,1.0
31875,40535,1.0
31901,32326,1.0
31901,38354,1.0
31901,42293,1.0
31901,44964,1.0
31901,53024,1.0
31901,54902,2.0
32068,35534,2.0
32068,36870,2.0
32068,36946,2.0
32068,41486,2.0
32068,41844,2.0
32068,42017,2.0
32068,43773,2.0
32068,43979,2.0
32068,44490,2.0
32068,47115,2.0
32068,47468,2.0
32068,48185,2.0
32068,49397,2.0
32068,49832,2.0
32068,50268,2.0
32068,51476,2.0
32068,51814,2.0
32068,57730,2.0
32074,557,1.0
32074,1670,1.0
32074,3381,3.0
32074,3514,1.0
32074,3523,2.0
32074,4730,2.0
32074,4934,6.0
32074,5632,1.0
32074,5659,3.0
32074,6131,1.0
32074,6132,1.0
32074,7306,5.0
32074,7312,1.0
32074,8469,2.0
32074,8619,1.0
32074,8651,2.0
32074,8785,1.0
32074,10110,1.0
32074,10249,1.0
32074,10654,1.0
32074,10854,1.0
32074,11065,1.0
32074,11130,4.0
32074,11698,1.0
32074,11749,1.0
32074,11834,1.0
32074,12681,1.0
32074,12913,1.0
32074,15125,1.0
32074,15173,1.0
32074,15213,1.0
32074,15414,1.0
32074,15947,1.0
32074,16307,1.0
32074,16309,1.0
32074,16396,1.0
32074,16397,10.0
32074,16655,3.0
32074,17914,1.0
32074,17916,22.0
32074,18260,1.0
32074,18912,4.0
32074,19631,1.0
32074,19687,1.0
32074,20997,1.0
32074,21597,2.0
32074,22753,1.0
32074,23368,1.0
32074,23480,1.0
32074,23551,1.0
32074,24230,1.0
32074,24231,1.0
32074,24467,1.0
32074,24469,1.0
32074,24906,4.0
32074,24949,9.0
32074,25111,1.0
32074,25112,1.0
32074,25402,2.0
32074,25561,1.0
32074,26370,12.0
32074,26914,1.0
32074,28139,1.0
32074,28760,3.0
32074,28906,1.0
32074,29087,4.0
32074,29232,2.0
32074,29363,1.0
32074,29403,13.0
32074,29927,10.0
32074,30014,1.0
32074,30148,1.0
32074,30243,1.0
32074,31165,1.0
32074,31569,5.0
32074,31705,2.0
32074,31874,1.0
32074,32138,2.0
32074,32443,1.0
32074,32717,1.0
32074,33594,1.0
32074,35242,3.0
32074,35260,1.0
32074,35516,2.0
32074,36148,6.0
32074,37578,1.0
32074,37797,2.0
32074,38720,2.0
32074,39744,2.0
32074,39745,4.0
32074,40590,3.0
32074,40926,1.0
32074,41326,3.0
32074,41932,2.0
32074,42263,1.0
32074,42264,1.0
32074,42281,1.0
32074,44731,1.0
32074,44993,1.0
32074,45097,3.0
32074,45098,1.0
32074,45414,1.0
32074,45879,3.0
32074,47605,1.0
32074,47786,1.0
32074,48033,1.0
32074,48684,1.0
32074,48694,1.0
32074,48822,3.0
32074,48841,1.0
32074,49026,1.0
32074,49419,1.0
32074,50251,2.0
32074,50717,1.0
32074,52953,1.0
32074,54378,1.0
32074,56016,1.0
32074,56158,1.0
32074,57290,1.0
32074,57375,1.0
32074,58694,1.0
32074,59358,2.0
32076,41969,1.0
32076,44171,1.0
32117,43605,1.0
32130,14563,1.0
32130,29283,1.0
32130,52124,2.0
32130,55468,1.0
32130,59358,3.0
32173,35303,1.0
32173,47954,1.0
32326,53024,1.0
32349,34074,1.0
32476,45621,1.0
32476,46002,1.0
32476,57740,1.0
32496,39650,1.0
32539,37666,1.0
32539,41455,1.0
32539,43911,1.0
32539,51120,1.0
32539,56897,1.0
32539,57250,1.0
32539,57361,1.0
32542,41926,1.0
32557,49440,1.0
32557,56625,1.0
32557,60004,1.0
32603,32716,1.0
32603,34519,1.0
32603,36352,1.0
32603,36881,1.0
32603,37186,1.0
32603,39362,1.0
32603,39801,1.0
32603,40477,1.0
32603,42483,1.0
32603,43758,1.0
32603,46188,1.0
32603,46957,1.0
32603,47585,1.0
32603,54939,1.0
32603,55136,1.0
32603,55489,1.0
32603,57964,1.0
32603,58668,1.0
32603,58991,1.0
32603,59405,1.0
32603,59627,1.0
32603,60175,1.0
32603,60372,1.0
32642,50087,1.0
32662,39971,1.0
32680,50147,1.0
32706,33750,1.0
32706,36544,1.0
32706,36712,1.0
32706,40226,1.0
32706,51270,1.0
32706,55720,1.0
32712,39597,1.0
32712,41604,1.0
32712,49132,1.0
32712,53488,1.0
32712,54099,1.0
32716,34519,1.0
32716,36352,1.0
32716,36881,1.0
32716,37186,1.0
32716,39362,1.0
32716,39801,1.0
32716,40477,1.0
32716,42483,1.0
32716,43758,1.0
32716,46188,1.0
32716,46957,1.0
32716,47585,1.0
32716,54939,1.0
32716,55136,1.0
32716,55489,1.0
32716,57964,1.0
32716,58668,1.0
32716,58991,1.0
32716,59405,1.0
32716,59627,1.0
32716,60175,1.0
32716,60372,1.0
32717,56158,1.0
32859,33851,1.0
32859,51245,1.0
32862,18355,1.0
32862,39061,1.0
32862,51245,1.0
32862,57591,2.0
32870,38603,1.0
32978,39431,1.0
32978,41868,1.0
32978,50148,1.0
32981,43965,1.0
32981,45414,1.0
32981,60304,1.0
33043,41840,2.0
33043,55803,1.0
33043,57851,1.0
33050,54462,1.0
33050,54653,1.0
33050,55598,1.0
33050,58752,1.0
33072,19736,1.0
33072,22550,1.0
33072,33616,1.0
33072,34747,2.0
33072,40744,1.0
33072,45832,2.0
33072,46317,1.0
33072,50043,1.0
33072,50875,1.0
33072,52742,1.0
33072,53149,2.0
33087,1007,1.0
33087,2643,1.0
33087,4906,3.0
33087,5613,1.0
33087,9490,1.0
33087,10433,1.0
33087,15133,1.0
33087,17148,1.0
33087,17496,2.0
33087,17497,1.0
33087,21343,1.0
33087,22639,1.0
33087,26480,2.0
33087,28020,1.0
33087,30815,5.0
33087,31145,1.0
33087,31501,4.0
33087,31801,5.0
33087,33604,1.0
33087,38936,1.0
33087,48728,3.0
33087,49245,1.0
33087,49249,1.0
33087,49369,1.0
33087,58459,1.0
33088,4906,3.0
33088,17496,1.0
33088,23758,2.0
33088,23759,1.0
33088,31801,3.0
33088,36447,1.0
33088,38936,1.0
33088,49369,1.0
33088,49842,1.0
33220,40853,1.0
33489,46387,2.0
33489,57366,2.0
33494,56271,1.0
33494,57366,1.0
33505,41743,1.0
33510,18796,1.0
33510,40234,1.0
33510,44368,1.0
33510,47511,1.0
33541,34010,1.0
33546,58262,2.0
33555,40111,1.0
33594,48684,1.0
33616,40744,1.0
33616,50043,1.0
33654,19175,1.0
33724,17999,1.0
33724,38581,2.0
33725,40646,2.0
33750,36544,1.0
33750,36712,1.0
33750,40226,1.0
33750,51270,1.0
33750,55720,1.0
33763,48424,1.0
33841,38348,1.0
33841,55239,1.0
33851,51245,1.0
33855,56899,1.0
33855,59343,1.0
33951,55504,1.0
33959,8471,1.0
33959,29925,1.0
33981,43698,1.0
33981,51317,1.0
34019,35147,2.0
34019,40400,2.0
34019,41236,3.0
34019,60310,4.0
34024,30130,1.0
34024,39231,2.0
34024,46831,2.0
34024,46832,1.0
34024,47617,1.0
34033,40978,1.0
34055,7495,1.0
34055,19065,4.0
34055,36083,1.0
34055,42339,1.0
34055,42863,1.0
34055,55822,1.0
34086,60328,1.0
34096,11488,1.0
34096,20398,1.0
34096,21377,1.0
34096,30605,1.0
34096,44161,1.0
34096,47227,1.0
34096,49055,1.0
34096,49193,1.0
34103,7420,1.0
34103,38082,1.0
34103,42408,1.0
34208,53488,2.0
34256,1950,3.0
34256,30361,1.0
34256,34422,1.0
34256,52291,2.0
34265,35537,1.0
34265,40566,1.0
34292,40550,1.0
34292,60557,1.0
34303,48329,1.0
34369,53973,1.0
34374,38627,1.0
34421,42897,1.0
34421,56018,1.0
34421,59632,1.0
34422,10081,1.0
34422,17808,1.0
34422,22932,1.0
34422,25264,1.0
34422,26079,1.0
34422,30390,1.0
34422,32642,1.0
34422,37182,1.0
34422,44499,1.0
34422,50087,1.0
34422,60060,1.0
34515,50437,1.0
34515,60515,2.0
34519,36352,1.0
34519,36881,1.0
34519,37186,1.0
34519,39362,1.0
34519,39801,1.0
34519,40477,1.0
34519,42483,1.0
34519,43758,1.0
34519,46188,1.0
34519,46957,1.0
34519,47585,1.0
34519,54939,1.0
34519,55136,1.0
34519,55489,1.0
34519,57964,1.0
34519,58668,1.0
34519,58991,1.0
34519,59405,1.0
34519,59627,1.0
34519,60175,1.0
34519,60372,1.0
34576,40010,2.0
34576,54057,2.0
34608,43617,1.0
34608,43618,1.0
34645,43766,1.0
34663,12466,1.0
34663,45598,3.0
34707,34901,2.0
34707,37181,2.0
34707,37849,2.0
34707,37891,2.0
34707,41444,2.0
34707,42543,2.0
34707,45437,2.0
34707,47601,2.0
34707,48903,2.0
34707,52298,2.0
34707,52421,2.0
34707,53145,2.0
34707,55232,2.0
34707,55467,2.0
34707,56563,2.0
34707,56839,2.0
34707,57623,2.0
34707,59229,2.0
34707,59650,2.0
34707,60457,2.0
34747,45832,3.0
34747,46317,1.0
34747,50875,2.0
34747,52742,2.0
34747,53149,3.0
34778,40255,1.0
34778,54811,1.0
34809,45269,1.0
34809,56358,1.0
34825,53428,1.0
34877,5096,3.0
34877,41617,2.0
34877,41677,2.0
34877,53232,2.0
34893,40181,1.0
34901,37181,3.0
34901,37849,3.0
34901,37891,2.0
34901,41444,3.0
34901,42543,2.0
34901,42915,1.0
34901,45437,2.0
34901,45438,1.0
34901,47601,3.0
34901,48903,3.0
34901,52298,3.0
34901,52421,3.0
34901,53145,3.0
34901,55232,2.0
34901,55467,3.0
34901,56563,3.0
34901,56839,2.0
34901,57623,3.0
34901,59229,2.0
34901,59231,1.0
34901,59650,2.0
34901,59651,1.0
34901,60457,3.0
34988,27427,1.0
34988,28096,1.0
34988,28097,1.0
34988,29688,2.0
34988,45197,2.0
34988,52361,1.0
34988,52364,1.0
34988,60007,1.0
35005,46504,1.0
35005,49645,1.0
35017,40739,1.0
35041,43313,1.0
35041,55259,1.0
35094,4054,1.0
35094,5623,1.0
35094,6767,1.0
35094,7203,1.0
35094,14451,1.0
35094,20503,1.0
35094,24557,1.0
35094,24587,1.0
35094,26642,1.0
35094,29446,1.0
35094,34019,1.0
35094,34877,1.0
35094,53232,1.0
35094,58938,1.0
35094,60068,1.0
35094,60310,1.0
35108,43070,1.0
35147,40400,2.0
35147,41236,2.0
35147,60310,2.0
35192,42293,1.0
35192,49359,2.0
35192,54497,1.0
35192,58339,2.0
35192,60554,1.0
35242,11084,1.0
35242,12262,1.0
35242,14165,1.0
35242,15213,2.0
35242,16103,1.0
35242,20662,1.0
35242,22753,1.0
35242,26282,1.0
35242,40116,1.0
35242,50251,1.0
35242,54378,1.0
35242,59180,1.0
35252,40101,1.0
35252,53115,1.0
35260,47605,1.0
35269,39523,1.0
35269,42954,1.0
35269,59414,1.0
35275,4317,1.0
35303,36338,1.0
35303,41420,1.0
35303,44824,1.0
35303,47042,1.0
35303,47954,1.0
35322,42398,1.0
35322,52304,1.0
35382,5251,1.0
35382,7408,2.0
35382,15239,1.0
35382,16776,1.0
35382,20894,2.0
35382,21369,2.0
35382,23152,1.0
35382,24113,1.0
35382,26221,1.0
35382,26817,1.0
35382,35537,1.0
35382,35538,1.0
35382,35642,1.0
35382,43572,3.0
35382,45269,1.0
35382,45656,1.0
35382,49530,1.0
35382,53162,2.0
35382,56358,1.0
35382,59886,1.0
35382,60217,1.0
35444,52388,1.0
35468,37406,1.0
35468,49323,1.0
35468,49608,1.0
35468,58146,1.0
35488,13415,1.0
35488,17180,1.0
35488,30793,1.0
35488,30974,3.0
35488,32662,1.0
35488,39971,1.0
35488,41938,1.0
35488,42617,3.0
35534,36870,2.0
35534,36946,2.0
35534,41486,2.0
35534,41844,2.0
35534,42017,2.0
35534,43773,2.0
35534,43979,2.0
35534,44490,2.0
35534,47115,2.0
35534,47468,2.0
35534,48185,2.0
35534,49397,2.0
35534,49832,2.0
35534,50268,2.0
35534,51476,2.0
35534,51814,2.0
35534,57730,2.0
35537,7408,1.0
35537,20894,1.0
35537,21369,1.0
35537,26221,1.0
35537,35642,1.0
35537,40566,1.0
35537,53162,1.0
35538,49530,1.0
35538,53162,1.0
35538,59886,1.0
35538,60217,1.0
35607,40743,1.0
35607,52484,1.0
35607,57900,1.0
35639,42747,1.0
35764,42560,1.0
35826,42069,1.0
35826,51404,1.0
35826,52076,1.0
35833,41791,1.0
35894,36689,1.0
35894,44846,1.0
35944,55878,1.0
35944,56544,1.0
35944,57679,1.0
35949,42474,1.0
35951,38358,1.0
35976,46853,1.0
35976,56626,1.0
35976,56646,1.0
35977,38019,1.0
36068,29647,1.0
36083,26575,1.0
36083,34006,1.0
36083,42339,1.0
36083,42863,1.0
36083,55822,1.0
36148,5632,1.0
36148,11130,2.0
36148,12681,1.0
36148,19631,1.0
36148,21597,1.0
36148,31569,2.0
36148,39744,1.0
36148,39745,2.0
36148,45097,1.0
36148,45098,1.0
36148,48822,2.0
36148,49026,1.0
36148,57375,1.0
36157,40740,1.0
36217,45105,1.0
36244,10743,2.0
36244,10744,2.0
36244,17735,3.0
36244,19129,2.0
36244,20913,3.0
36244,21517,3.0
36244,23957,4.0
36244,36930,3.0
36244,46492,3.0
36244,51265,3.0
36244,53230,1.0
36244,53233,1.0
36244,57904,1.0
36244,57907,1.0
36315,21174,2.0
36315,24101,2.0
36315,48001,2.0
36316,26689,1.0
36316,59104,2.0
36316,60134,1.0
36316,60465,1.0
36338,41420,1.0
36338,44824,1.0
36338,47042,1.0
36352,36881,1.0
36352,37186,1.0
36352,39362,1.0
36352,39801,1.0
36352,40477,1.0
36352,42483,1.0
36352,43758,1.0
36352,46188,1.0
36352,46957,1.0
36352,47585,1.0
36352,54939,1.0
36352,55136,1.0
36352,55489,1.0
36352,57964,1.0
36352,58668,1.0
36352,58991,1.0
36352,59405,1.0
36352,59627,1.0
36352,60175,1.0
36352,60372,1.0
36410,3344,1.0
36410,7261,1.0
36410,8418,1.0
36410,9792,1.0
36410,10612,2.0
36410,13564,1.0
36410,17220,1.0
36410,19289,1.0
36410,19736,1.0
36410,22550,1.0
36410,23296,1.0
36410,23439,1.0
36410,24495,1.0
36410,25494,1.0
36410,30122,1.0
36410,30935,1.0
36410,31483,1.0
36410,33072,1.0
36410,33541,1.0
36410,33616,1.0
36410,34010,1.0
36410,35607,1.0
36410,38461,1.0
36410,40024,1.0
36410,40743,1.0
36410,40744,1.0
36410,45832,1.0
36410,47107,1.0
36410,50043,1.0
36410,52129,2.0
36410,52484,2.0
36410,56332,1.0
36410,57900,1.0
36410,58705,1.0
36410,60077,1.0
36421,15857,1.0
36421,16530,2.0
36421,26750,1.0
36421,29190,1.0
36421,30574,1.0
36421,33951,1.0
36421,55504,1.0
36421,55505,2.0
36421,56012,1.0
36421,56093,1.0
36421,59949,1.0
36447,49842,1.0
36481,36509,5.0
36481,36510,1.0
36509,58967,1.0
36528,27500,1.0
36528,45721,1.0
36544,36712,1.0
36544,40226,1.0
36544,46337,2.0
36544,51270,1.0
36544,55720,1.0
36689,44846,1.0
36710,37264,1.0
36710,38016,1.0
36710,42486,1.0
36710,47371,1.0
36710,56643,1.0
36712,40226,1.0
36712,51270,1.0
36712,55720,1.0
36713,7900,3.0
36713,8212,1.0
36713,15596,2.0
36713,15599,1.0
36713,23920,2.0
36713,24376,1.0
36713,25683,1.0
36713,33489,2.0
36713,33494,1.0
36713,46387,2.0
36713,50717,1.0
36713,56271,1.0
36713,57366,3.0
36741,39907,1.0
36791,530,1.0
36791,593,1.0
36791,847,1.0
36791,1439,1.0
36791,2432,13.0
36791,2575,1.0
36791,2643,4.0
36791,2856,1.0
36791,3376,2.0
36791,3399,2.0
36791,3820,1.0
36791,4866,3.0
36791,5975,4.0
36791,6107,43.0
36791,6117,3.0
36791,6375,1.0
36791,6656,2.0
36791,6657,1.0
36791,6658,1.0
36791,6659,1.0
36791,7001,1.0
36791,7003,2.0
36791,7240,2.0
36791,7403,1.0
36791,8328,1.0
36791,8455,1.0
36791,8707,2.0
36791,8766,1.0
36791,8778,1.0
36791,8843,2.0
36791,9157,1.0
36791,9447,2.0
36791,10359,1.0
36791,10470,1.0
36791,10864,3.0
36791,11286,1.0
36791,12164,1.0
36791,12700,1.0
36791,12701,2.0
36791,12710,1.0
36791,12711,1.0
36791,12712,2.0
36791,12911,1.0
36791,12956,1.0
36791,12957,2.0
36791,13727,1.0
36791,13788,1.0
36791,14353,5.0
36791,14672,1.0
36791,15567,1.0
36791,15572,7.0
36791,15616,1.0
36791,15645,1.0
36791,15692,1.0
36791,15693,3.0
36791,15993,1.0
36791,16449,2.0
36791,17187,1.0
36791,17322,2.0
36791,17911,1.0
36791,19116,1.0
36791,19522,1.0
36791,20643,7.0
36791,20695,16.0
36791,20736,12.0
36791,20765,3.0
36791,21022,2.0
36791,21898,1.0
36791,21899,1.0
36791,21900,2.0
36791,22069,1.0
36791,22070,11.0
36791,22081,4.0
36791,22513,1.0
36791,22682,2.0
36791,22707,19.0
36791,22798,2.0
36791,22816,1.0
36791,22895,2.0
36791,23307,1.0
36791,23308,1.0
36791,23968,2.0
36791,24493,3.0
36791,24764,1.0
36791,25577,2.0
36791,25605,1.0
36791,26673,16.0
36791,26744,1.0
36791,27433,2.0
36791,28941,7.0
36791,29015,1.0
36791,29104,3.0
36791,29105,1.0
36791,29128,1.0
36791,29647,1.0
36791,30309,1.0
36791,30792,1.0
36791,30793,2.0
36791,30949,2.0
36791,30950,2.0
36791,30974,4.0
36791,31053,1.0
36791,31801,1.0
36791,31901,2.0
36791,32327,1.0
36791,32557,1.0
36791,34608,1.0
36791,34645,2.0
36791,34899,5.0
36791,35005,1.0
36791,35192,4.0
36791,35488,3.0
36791,36068,2.0
36791,36427,1.0
36791,36899,1.0
36791,36922,1.0
36791,36923,1.0
36791,37545,1.0
36791,37574,11.0
36791,37600,1.0
36791,37711,6.0
36791,38354,1.0
36791,38358,1.0
36791,38406,4.0
36791,38936,1.0
36791,39001,1.0
36791,39178,2.0
36791,39542,2.0
36791,39868,1.0
36791,39940,2.0
36791,40009,4.0
36791,40010,4.0
36791,40011,1.0
36791,40063,1.0
36791,40116,8.0
36791,40117,1.0
36791,40177,2.0
36791,40180,5.0
36791,40535,1.0
36791,40536,1.0
36791,42148,1.0
36791,42208,1.0
36791,42293,8.0
36791,42617,7.0
36791,42724,2.0
36791,43028,2.0
36791,43617,1.0
36791,43618,1.0
36791,43679,7.0
36791,44494,1.0
36791,44957,1.0
36791,44964,2.0
36791,44973,2.0
36791,45113,1.0
36791,45179,1.0
36791,45947,1.0
36791,45962,1.0
36791,46504,1.0
36791,46564,1.0
36791,46944,1.0
36791,47008,3.0
36791,48387,4.0
36791,48757,2.0
36791,49151,1.0
36791,49358,11.0
36791,49359,2.0
36791,49374,1.0
36791,49440,1.0
36791,49645,1.0
36791,49805,1.0
36791,49883,1.0
36791,50316,1.0
36791,51270,1.0
36791,51818,1.0
36791,52220,1.0
36791,52365,1.0
36791,52635,1.0
36791,52743,3.0
36791,52797,1.0
36791,53488,4.0
36791,54421,1.0
36791,54422,2.0
36791,54454,1.0
36791,54497,1.0
36791,54691,1.0
36791,54902,2.0
36791,54908,5.0
36791,54995,1.0
36791,56460,2.0
36791,56623,1.0
36791,56625,1.0
36791,56842,1.0
36791,57210,8.0
36791,57839,1.0
36791,58339,5.0
36791,58550,1.0
36791,59105,1.0
36791,60004,1.0
36791,60116,2.0
36791,60117,2.0
36791,60273,1.0
36791,60546,1.0
36791,60553,1.0
36791,60554,3.0
36838,17496,3.0
36838,18980,1.0
36838,46680,2.0
36870,36946,2.0
36870,41486,2.0
36870,41844,2.0
36870,42017,2.0
36870,43773,2.0
36870,43979,2.0
36870,44490,2.0
36870,47115,2.0
36870,47468,2.0
36870,48185,2.0
36870,49397,2.0
36870,49832,2.0
36870,50268,2.0
36870,51476,2.0
36870,51814,2.0
36870,57730,2.0
36881,37186,1.0
36881,39362,1.0
36881,39801,1.0
36881,40477,1.0
36881,42483,1.0
36881,43758,1.0
36881,46188,1.0
36881,46957,1.0
36881,47585,1.0
36881,54939,1.0
36881,55136,1.0
36881,55489,1.0
36881,57964,1.0
36881,58668,1.0
36881,58991,1.0
36881,59405,1.0
36881,59627,1.0
36881,60175,1.0
36881,60372,1.0
36922,56623,1.0
36923,44957,1.0
36923,57839,1.0
36930,22447,2.0
36930,43346,1.0
36930,51265,3.0
36930,53230,1.0
36930,53233,1.0
36946,41486,2.0
36946,41844,2.0
36946,42017,2.0
36946,43773,2.0
36946,43979,2.0
36946,44490,2.0
36946,47115,2.0
36946,47468,2.0
36946,48185,2.0
36946,49397,2.0
36946,49832,2.0
36946,50268,2.0
36946,51476,2.0
36946,51814,2.0
36946,57730,2.0
36978,40272,1.0
36978,53028,1.0
37052,8406,1.0
37052,8503,1.0
37052,9092,1.0
37052,14041,1.0
37052,26012,1.0
37052,38081,1.0
37052,43165,1.0
37052,45067,1.0
37052,48498,1.0
37052,49300,1.0
37052,54338,1.0
37052,55910,1.0
37052,58612,1.0
37052,58767,1.0
37052,59575,2.0
37132,1965,5.0
37132,2317,3.0
37132,12491,3.0
37132,17613,5.0
37132,23639,2.0
37132,29468,2.0
37132,29904,2.0
37132,30353,4.0
37132,42600,1.0
37132,42601,1.0
37132,42860,1.0
37132,50792,1.0
37132,51117,3.0
37132,52198,1.0
37132,54635,3.0
37132,55035,1.0
37132,58491,1.0
37181,37849,3.0
37181,37891,2.0
37181,41444,3.0
37181,42543,2.0
37181,42915,1.0
37181,45437,2.0
37181,45438,1.0
37181,47601,3.0
37181,48903,3.0
37181,52298,3.0
37181,52421,3.0
37181,53145,3.0
37181,55232,2.0
37181,55467,3.0
37181,56563,3.0
37181,56839,2.0
37181,57623,3.0
37181,59229,2.0
37181,59231,1.0
37181,59650,2.0
37181,59651,1.0
37181,60457,3.0
37182,60060,1.0
37186,39362,1.0
37186,39801,1.0
37186,40477,1.0
37186,42483,1.0
37186,43758,1.0
37186,46188,1.0
37186,46957,1.0
37186,47585,1.0
37186,54939,1.0
37186,55136,1.0
37186,55489,1.0
37186,57964,1.0
37186,58668,1.0
37186,58991,1.0
37186,59405,1.0
37186,59627,1.0
37186,60175,1.0
37186,60372,1.0
37189,46025,1.0
37189,55180,1.0
37202,8925,1.0
37202,41793,2.0
37202,49285,1.0
37202,54847,1.0
37263,54881,1.0
37264,38016,1.0
37264,42486,1.0
37264,47371,1.0
37264,56643,1.0
37302,51713,1.0
37302,58209,1.0
37317,59927,2.0
37322,55193,1.0
37406,49323,1.0
37406,49608,1.0
37406,58146,1.0
37545,11700,1.0
37545,18135,1.0
37545,19484,1.0
37545,20561,1.0
37545,21022,1.0
37545,30309,1.0
37545,32005,1.0
37545,33763,1.0
37545,36922,1.0
37545,43706,1.0
37545,50075,1.0
37545,53128,1.0
37545,56623,1.0
37545,59362,1.0
37557,4002,1.0
37557,7723,1.0
37557,9135,8.0
37557,11711,1.0
37557,12595,3.0
37557,14640,1.0
37557,14641,3.0
37557,14757,1.0
37557,19085,1.0
37557,20612,1.0
37557,22183,1.0
37557,22846,1.0
37557,24170,1.0
37557,37556,1.0
37557,41039,10.0
37557,43605,3.0
37557,44004,7.0
37557,44005,3.0
37557,44929,5.0
37557,45269,1.0
37557,49689,1.0
37557,53729,1.0
37557,56036,1.0
37557,58636,3.0
37557,58637,1.0
37557,58638,4.0
37557,59460,1.0
37574,2432,2.0
37574,12701,2.0
37574,12711,1.0
37574,22070,6.0
37574,22081,1.0
37574,22682,2.0
37574,28941,1.0
37574,29015,1.0
37574,29104,2.0
37574,30950,2.0
37574,34645,1.0
37574,37711,1.0
37574,39178,1.0
37574,42208,1.0
37574,42293,3.0
37574,42617,1.0
37574,57210,1.0
37600,1439,1.0
37600,12911,1.0
37600,36427,1.0
37600,54421,1.0
37600,56951,1.0
37640,44878,1.0
37640,57132,1.0
37666,41455,1.0
37666,43911,1.0
37666,51120,1.0
37666,56897,1.0
37666,57250,1.0
37666,57361,1.0
37671,40036,1.0
37711,20736,3.0
37711,22069,1.0
37711,22070,2.0
37711,34645,2.0
37711,36068,1.0
37711,39868,1.0
37711,42617,2.0
37711,57210,2.0
37730,44535,1.0
37730,54825,1.0
37790,49659,1.0
37797,16396,1.0
37797,60034,1.0
37834,43862,1.0
37834,49425,1.0
37849,37891,2.0
37849,41444,3.0
37849,42543,2.0
37849,42915,1.0
37849,45437,2.0
37849,45438,1.0
37849,47601,3.0
37849,48903,3.0
37849,52298,3.0
37849,52421,3.0
37849,53145,3.0
37849,55232,2.0
37849,55467,3.0
37849,56563,3.0
37849,56839,2.0
37849,57623,3.0
37849,59229,2.0
37849,59231,1.0
37849,59650,2.0
37849,59651,1.0
37849,60457,3.0
37882,39813,1.0
37891,41444,2.0
37891,42543,2.0
37891,45437,2.0
37891,47601,2.0
37891,48903,2.0
37891,52298,2.0
37891,52421,2.0
37891,53145,2.0
37891,55232,2.0
37891,55467,2.0
37891,56563,2.0
37891,56839,2.0
37891,57623,2.0
37891,59229,2.0
37891,59650,2.0
37891,60457,2.0
37978,32384,1.0
37981,43740,1.0
37981,52498,1.0
37981,53210,1.0
37981,59425,1.0
37981,60317,1.0
38016,42486,1.0
38016,47371,1.0
38016,56643,1.0
38078,42557,1.0
38081,55910,1.0
38348,55239,1.0
38354,22122,2.0
38354,54902,1.0
38358,12700,1.0
38358,31901,1.0
38358,42293,1.0
38358,43679,1.0
38358,44964,1.0
38358,54902,1.0
38372,58287,1.0
38372,59025,1.0
38373,58285,1.0
38373,59025,1.0
38406,2432,3.0
38406,2575,1.0
38406,6107,3.0
38406,20695,2.0
38406,23308,1.0
38406,36923,1.0
38406,37574,1.0
38406,41046,1.0
38406,44957,1.0
38406,48757,2.0
38406,48903,1.0
38406,50921,1.0
38406,56786,1.0
38406,57839,1.0
38523,20049,1.0
38523,36978,1.0
38523,40272,1.0
38523,53028,1.0
38545,4333,1.0
38545,21368,1.0
38545,27357,1.0
38545,37730,1.0
38545,44535,1.0
38545,46282,1.0
38545,54825,1.0
38581,3612,1.0
38581,4599,1.0
38581,4722,2.0
38581,7405,1.0
38581,7937,1.0
38581,10259,1.0
38581,17999,2.0
38581,20001,1.0
38581,21335,2.0
38581,22793,1.0
38581,28494,1.0
38581,29289,4.0
38581,34369,1.0
38581,34825,1.0
38581,38628,4.0
38581,38756,2.0
38581,45748,1.0
38581,47021,1.0
38581,50778,1.0
38581,51404,2.0
38581,53428,1.0
38581,53973,2.0
38581,53995,1.0
38581,53997,1.0
38581,54272,1.0
38581,54517,1.0
38581,56000,1.0
38581,56412,1.0
38581,57026,1.0
38628,2901,1.0
38628,4598,1.0
38628,4599,1.0
38628,7937,2.0
38628,16493,1.0
38628,17999,1.0
38628,20001,1.0
38628,29289,4.0
38628,34369,1.0
38628,51770,1.0
38628,53973,2.0
38720,20997,1.0
38720,48694,1.0
38756,56412,1.0
38809,41128,1.0
38866,43574,1.0
38890,4320,1.0
38890,7036,4.0
38890,11747,2.0
38890,14571,1.0
38890,20589,1.0
38890,22512,1.0
38890,23224,1.0
38890,27964,4.0
38890,33546,2.0
38890,43918,1.0
38890,44204,2.0
38890,51476,1.0
38890,52974,4.0
38890,54461,1.0
38890,54463,3.0
38890,54654,4.0
38890,55454,2.0
38890,58262,2.0
38916,19655,1.0
38916,30305,1.0
38916,30787,1.0
38916,39524,1.0
38924,47008,1.0
38924,53126,1.0
38936,2648,1.0
38936,4906,3.0
38936,6914,4.0
38936,15433,1.0
38936,16056,1.0
38936,22235,4.0
38936,26245,1.0
38936,26535,1.0
38936,26633,1.0
38936,29210,1.0
38936,31501,2.0
38936,33331,1.0
38936,36447,1.0
38936,39001,1.0
38936,40063,1.0
38936,41657,1.0
38936,43599,1.0
38936,44494,1.0
38936,49513,1.0
38936,49689,5.0
38936,49842,1.0
38936,51796,2.0
38936,52215,1.0
38936,54982,3.0
38936,60261,1.0
39001,40063,1.0
39061,57591,1.0
39112,53488,1.0
39112,54422,1.0
39175,43856,1.0
39175,46293,1.0
39175,53514,1.0
39178,15572,1.0
39178,42208,1.0
39231,30130,1.0
39231,46831,2.0
39231,46832,1.0
39231,47617,1.0
39259,44534,1.0
39270,46866,1.0
39270,57774,1.0
39362,5623,1.0
39362,7203,1.0
39362,14451,1.0
39362,24587,1.0
39362,26642,1.0
39362,35094,1.0
39362,39801,1.0
39362,40477,1.0
39362,42483,1.0
39362,43758,1.0
39362,46188,1.0
39362,46957,1.0
39362,47585,1.0
39362,54939,1.0
39362,55136,1.0
39362,55489,2.0
39362,57964,1.0
39362,58668,1.0
39362,58938,1.0
39362,58991,1.0
39362,59405,1.0
39362,59627,1.0
39362,60068,1.0
39362,60175,1.0
39362,60372,1.0
39389,55753,1.0
39431,41868,1.0
39431,50148,1.0
39493,47402,1.0
39493,50530,1.0
39523,42954,1.0
39523,59414,1.0
39524,19655,1.0
39524,30305,1.0
39524,30787,1.0
39524,48048,1.0
39524,48049,1.0
39542,6107,4.0
39542,6117,1.0
39542,8455,1.0
39542,8843,1.0
39542,20695,1.0
39542,26673,1.0
39542,35192,2.0
39542,40535,1.0
39542,40536,3.0
39542,42293,1.0
39542,43679,2.0
39542,46449,1.0
39542,49358,1.0
39542,49837,2.0
39542,58276,2.0
39542,60554,2.0
39551,41039,1.0
39597,41604,1.0
39597,49132,1.0
39597,53488,1.0
39597,54099,1.0
39598,43028,1.0
39598,47938,1.0
39677,54781,1.0
39677,60603,1.0
39681,30066,1.0
39681,56785,1.0
39681,59536,1.0
39681,60033,1.0
39744,11130,1.0
39744,31569,1.0
39744,31705,1.0
39744,48822,1.0
39745,24467,1.0
39745,24469,1.0
39745,40590,2.0
39745,45098,1.0
39745,47786,1.0
39745,48822,2.0
39801,40477,1.0
39801,42483,1.0
39801,43758,1.0
39801,46188,1.0
39801,46957,1.0
39801,47585,1.0
39801,54939,1.0
39801,55136,1.0
39801,55489,1.0
39801,57964,1.0
39801,58668,1.0
39801,58991,1.0
39801,59405,1.0
39801,59627,1.0
39801,60175,1.0
39801,60372,1.0
39916,1409,3.0
39916,1718,1.0
39916,3516,1.0
39916,4129,1.0
39916,5184,1.0
39916,5975,1.0
39916,7396,1.0
39916,9812,1.0
39916,11945,1.0
39916,15067,1.0
39916,15817,1.0
39916,16109,2.0
39916,16402,1.0
39916,17613,4.0
39916,19118,1.0
39916,20458,1.0
39916,20911,1.0
39916,21996,4.0
39916,22447,3.0
39916,23387,1.0
39916,23639,2.0
39916,23973,1.0
39916,24557,2.0
39916,29904,1.0
39916,30155,1.0
39916,30780,2.0
39916,34086,1.0
39916,34103,1.0
39916,34664,1.0
39916,35933,2.0
39916,36448,1.0
39916,36930,2.0
39916,38404,2.0
39916,42260,1.0
39916,42408,1.0
39916,42836,2.0
39916,43344,1.0
39916,43345,4.0
39916,43346,1.0
39916,46632,1.0
39916,47143,1.0
39916,47424,2.0
39916,48979,1.0
39916,49266,2.0
39916,49882,1.0
39916,52719,6.0
39916,52771,1.0
39916,53218,1.0
39916,54891,1.0
39916,56156,1.0
39916,56193,1.0
39916,56234,2.0
39916,58737,2.0
39916,59290,1.0
39916,59363,1.0
39916,60328,4.0
39940,53488,2.0
39940,54421,1.0
39940,54422,2.0
39971,33433,1.0
40009,5997,2.0
40009,27480,1.0
40009,36959,2.0
40009,46977,1.0
40009,50401,1.0
40010,1439,2.0
40010,2528,1.0
40010,4325,1.0
40010,4722,1.0
40010,4866,1.0
40010,5898,2.0
40010,6825,1.0
40010,7900,5.0
40010,8212,1.0
40010,9151,1.0
40010,11056,1.0
40010,13471,1.0
40010,14090,1.0
40010,15199,1.0
40010,15596,2.0
40010,15599,5.0
40010,19579,1.0
40010,20695,1.0
40010,20863,1.0
40010,21411,2.0
40010,23920,4.0
40010,24228,1.0
40010,24376,1.0
40010,25307,2.0
40010,25683,1.0
40010,27249,1.0
40010,27480,1.0
40010,29276,1.0
40010,29289,1.0
40010,30059,1.0
40010,30762,1.0
40010,30793,2.0
40010,30974,3.0
40010,32662,1.0
40010,32680,1.0
40010,33433,1.0
40010,33489,2.0
40010,33494,1.0
40010,35386,1.0
40010,35488,5.0
40010,36713,3.0
40010,38866,1.0
40010,39427,1.0
40010,39971,2.0
40010,41625,2.0
40010,42144,1.0
40010,42617,3.0
40010,43574,1.0
40010,43619,1.0
40010,46387,2.0
40010,46977,1.0
40010,47008,3.0
40010,48824,2.0
40010,49103,1.0
40010,50147,1.0
40010,50278,1.0
40010,50717,1.0
40010,51675,2.0
40010,52685,1.0
40010,52686,1.0
40010,53987,1.0
40010,54057,2.0
40010,54897,3.0
40010,55507,2.0
40010,56271,1.0
40010,57366,3.0
40010,58664,2.0
40010,58665,3.0
40024,47107,1.0
40024,56332,1.0
40101,53115,1.0
40116,6194,2.0
40116,8017,1.0
40116,8479,1.0
40116,8481,1.0
40116,9155,1.0
40116,11554,1.0
40116,11555,1.0
40116,12262,3.0
40116,13765,1.0
40116,14165,1.0
40116,20662,1.0
40116,21900,1.0
40116,22895,2.0
40116,24764,1.0
40116,38698,1.0
40116,45947,1.0
40116,45962,1.0
40116,50316,1.0
40116,54691,1.0
40116,56460,2.0
40116,58344,1.0
40122,46207,1.0
40177,4866,1.0
40177,6107,1.0
40177,20695,1.0
40177,37790,1.0
40177,48387,2.0
40180,3399,2.0
40180,8455,1.0
40180,10864,2.0
40180,35192,1.0
40180,43679,5.0
40180,49837,2.0
40225,49133,1.0
40225,51270,1.0
40226,51270,1.0
40226,55720,1.0
40234,44368,1.0
40234,47511,1.0
40255,5525,1.0
40255,9718,1.0
40255,11748,1.0
40255,19409,1.0
40255,30309,1.0
40255,41064,1.0
40255,51159,1.0
40255,54811,1.0
40255,55617,1.0
40272,53028,1.0
40400,4312,2.0
40400,4317,1.0
40400,5964,1.0
40400,8447,1.0
40400,8977,1.0
40400,16109,1.0
40400,20993,1.0
40400,23331,1.0
40400,24132,1.0
40400,24557,2.0
40400,25634,1.0
40400,34877,4.0
40400,35275,2.0
40400,41236,2.0
40400,41617,1.0
40400,42599,1.0
40400,50135,1.0
40400,60310,2.0
40401,4054,1.0
40401,4312,1.0
40401,20503,1.0
40401,24557,1.0
40401,29446,1.0
40401,34019,1.0
40401,34877,2.0
40401,35275,1.0
40401,41236,1.0
40401,41617,1.0
40401,51159,1.0
40401,53232,1.0
40401,60310,1.0
40477,42483,1.0
40477,43758,1.0
40477,46188,1.0
40477,46957,1.0
40477,47585,1.0
40477,54939,1.0
40477,55136,1.0
40477,55489,1.0
40477,57964,1.0
40477,58668,1.0
40477,58991,1.0
40477,59405,1.0
40477,59627,1.0
40477,60175,1.0
40477,60372,1.0
40536,3398,1.0
40536,3399,1.0
40536,6117,1.0
40536,8455,1.0
40536,8843,1.0
40536,13342,2.0
40536,21022,1.0
40536,29768,1.0
40536,30222,1.0
40536,31197,1.0
40536,31901,1.0
40536,32326,1.0
40536,40180,4.0
40536,42690,1.0
40536,43679,4.0
40536,44501,1.0
40536,49837,6.0
40536,53024,1.0
40536,58276,2.0
40536,60064,1.0
40536,60554,1.0
40550,60557,1.0
40564,3904,1.0
40564,7723,1.0
40564,20431,1.0
40564,43892,1.0
40564,52974,2.0
40564,54463,2.0
40564,54530,1.0
40564,54654,2.0
40590,47786,1.0
40606,30245,1.0
40606,47234,1.0
40726,55113,1.0
40743,52484,1.0
40743,57900,1.0
40744,50043,1.0
40790,56786,1.0
40852,41515,1.0
40852,47109,1.0
40852,57388,1.0
40858,1239,1.0
40858,9137,1.0
40858,26022,1.0
40858,35879,1.0
40858,37202,3.0
40858,41793,2.0
40858,43365,2.0
40858,44310,4.0
40858,49285,1.0
40858,49608,3.0
40858,54688,1.0
40858,55941,1.0
40858,60266,1.0
40860,2934,1.0
40860,14042,3.0
40860,15560,1.0
40860,18793,1.0
40860,18797,2.0
40860,39340,1.0
40860,40950,1.0
40860,51816,1.0
40926,13252,1.0
40926,41016,1.0
40926,52049,1.0
40950,7428,1.0
40950,9111,1.0
40950,9489,1.0
40950,18793,1.0
40950,18797,2.0
40950,33220,1.0
40950,40853,1.0
40952,8296,1.0
40952,9338,1.0
40952,14095,1.0
40952,17578,1.0
40952,29787,1.0
40952,32837,1.0
40952,55468,1.0
41005,46283,1.0
41005,55420,1.0
41016,52049,1.0
41039,4002,1.0
41039,9135,8.0
41039,11711,1.0
41039,12595,2.0
41039,14640,1.0
41039,14641,2.0
41039,19085,1.0
41039,22846,1.0
41039,32117,1.0
41039,37556,1.0
41039,43605,3.0
41039,44004,8.0
41039,44005,1.0
41039,44929,5.0
41039,49689,1.0
41039,58637,1.0
41039,58638,5.0
41039,59460,1.0
41046,13013,1.0
41046,19520,1.0
41046,30786,1.0
41046,39493,1.0
41046,47402,1.0
41046,50530,1.0
41046,51404,1.0
41064,9718,1.0
41064,11748,1.0
41064,25820,1.0
41064,52505,1.0
41113,24196,1.0
41113,31145,2.0
41113,40726,1.0
41113,55113,1.0
41113,57210,1.0
41137,2643,3.0
41137,4906,1.0
41137,5829,1.0
41137,19726,2.0
41137,23967,1.0
41137,28808,1.0
41137,36838,1.0
41137,44024,4.0
41137,49234,2.0
41137,60563,1.0
41172,53992,1.0
41236,46511,1.0
41236,60310,3.0
41326,7306,1.0
41326,10110,1.0
41326,28760,1.0
41326,30243,1.0
41326,42264,1.0
41326,45097,1.0
41352,52636,1.0
41352,52944,1.0
41420,44824,1.0
41420,47042,1.0
41444,42543,2.0
41444,42915,1.0
41444,45437,2.0
41444,45438,1.0
41444,47601,3.0
41444,48903,3.0
41444,52298,3.0
41444,52421,3.0
41444,53145,3.0
41444,55232,2.0
41444,55467,3.0
41444,56563,3.0
41444,56839,2.0
41444,57623,3.0
41444,59229,2.0
41444,59231,1.0
41444,59650,2.0
41444,59651,1.0
41444,60457,3.0
41455,20148,1.0
41455,22528,1.0
41455,40606,1.0
41455,43911,1.0
41455,47234,1.0
41455,51120,1.0
41455,56897,1.0
41455,57250,2.0
41455,57361,1.0
41486,41844,2.0
41486,42017,2.0
41486,43773,2.0
41486,43979,2.0
41486,44490,2.0
41486,47115,2.0
41486,47468,2.0
41486,48185,2.0
41486,49397,2.0
41486,49832,2.0
41486,50268,2.0
41486,51476,2.0
41486,51814,2.0
41486,57730,2.0
41492,54693,1.0
41517,60077,1.0
41565,3304,1.0
41565,14194,1.0
41565,24730,1.0
41565,28536,1.0
41565,29430,2.0
41565,53941,1.0
41565,55610,2.0
41591,55468,1.0
41604,49132,1.0
41604,53488,1.0
41604,54099,1.0
41635,16910,1.0
41635,19587,1.0
41635,28008,1.0
41635,50067,1.0
41657,14974,1.0
41657,23545,1.0
41657,34033,1.0
41657,40978,1.0
41657,49513,1.0
41657,52215,1.0
41673,40420,1.0
41673,54289,4.0
41786,17199,1.0
41791,49491,3.0
41791,58459,1.0
41793,49285,1.0
41802,9135,1.0
41802,24170,1.0
41802,32117,1.0
41802,41039,1.0
41802,43605,1.0
41802,44004,1.0
41840,41060,1.0
41840,49917,1.0
41840,57851,1.0
41844,42017,2.0
41844,43773,2.0
41844,43979,2.0
41844,44490,2.0
41844,47115,2.0
41844,47468,2.0
41844,48185,2.0
41844,49397,2.0
41844,49832,2.0
41844,50268,2.0
41844,51476,2.0
41844,51814,2.0
41844,57730,2.0
41868,50148,1.0
41926,14379,1.0
41926,14663,1.0
41926,42536,2.0
41926,42718,1.0
41926,42719,1.0
41926,50903,1.0
41926,54206,1.0
41926,56572,1.0
41926,58001,1.0
41926,58166,1.0
41926,60266,2.0
41932,10741,1.0
41932,30807,1.0
41969,44171,1.0
41969,44343,1.0
42017,43773,2.0
42017,43979,2.0
42017,44490,2.0
42017,47115,2.0
42017,47468,2.0
42017,48185,2.0
42017,49397,2.0
42017,49832,2.0
42017,50268,2.0
42017,51476,2.0
42017,51814,2.0
42017,57730,2.0
42040,53488,2.0
42040,54868,2.0
42069,51404,1.0
42069,52076,1.0
42144,58665,1.0
42148,54908,1.0
42264,45097,1.0
42276,10249,1.0
42276,44731,1.0
42278,58156,1.0
42281,44731,1.0
42293,44964,2.0
42293,54902,1.0
42293,58339,1.0
42293,60554,1.0
42325,59561,1.0
42339,42863,1.0
42339,55822,1.0
42390,43590,1.0
42390,58880,2.0
42398,52304,1.0
42469,44293,1.0
42469,45139,1.0
42469,45740,1.0
42469,52447,1.0
42469,55917,1.0
42469,56496,1.0
42469,58821,1.0
42483,43758,1.0
42483,46188,1.0
42483,46957,1.0
42483,47585,1.0
42483,54939,1.0
42483,55136,1.0
42483,55489,1.0
42483,57964,1.0
42483,58668,1.0
42483,58991,1.0
42483,59405,1.0
42483,59627,1.0
42483,60175,1.0
42483,60372,1.0
42486,47371,1.0
42486,56643,1.0
42497,42725,1.0
42501,4744,1.0
42501,10612,1.0
42501,12025,1.0
42501,35944,1.0
42501,55878,1.0
42501,56544,1.0
42501,57679,1.0
42523,53126,1.0
42523,60015,1.0
42533,42724,1.0
42533,56495,1.0
42536,42719,1.0
42536,50903,1.0
42536,56572,1.0
42536,58001,1.0
42543,45437,2.0
42543,47601,2.0
42543,48903,2.0
42543,52298,2.0
42543,52421,2.0
42543,53145,2.0
42543,55232,2.0
42543,55467,2.0
42543,56563,2.0
42543,56839,2.0
42543,57623,2.0
42543,59229,2.0
42543,59650,2.0
42543,60457,2.0
42557,19400,1.0
42557,21010,1.0
42557,31193,1.0
42557,60310,1.0
42560,17220,2.0
42560,23439,2.0
42560,23440,1.0
42560,25494,1.0
42560,30122,1.0
42560,30935,1.0
42560,31766,1.0
42560,36410,1.0
42560,40024,1.0
42560,45832,1.0
42560,47107,1.0
42560,56332,3.0
42599,8482,1.0
42599,19175,1.0
42599,20993,1.0
42599,33654,2.0
42599,33655,1.0
42600,7405,3.0
42600,7420,5.0
42600,8447,1.0
42600,14948,1.0
42600,18539,1.0
42600,22447,1.0
42600,26698,1.0
42600,27881,1.0
42600,34103,1.0
42600,38082,1.0
42600,48934,1.0
42600,48935,1.0
42600,51117,1.0
42600,52198,1.0
42600,57026,1.0
42600,58384,1.0
42617,9447,2.0
42617,22069,1.0
42617,30974,3.0
42617,34645,2.0
42617,34899,2.0
42690,44501,1.0
42690,60064,1.0
42718,58166,1.0
42719,50903,1.0
42719,56572,1.0
42722,43889,1.0
42722,43919,1.0
42724,15616,1.0
42724,17322,2.0
42724,21899,1.0
42724,21900,1.0
42724,32327,1.0
42724,43679,1.0
42724,56495,1.0
42860,5485,2.0
42860,5514,1.0
42860,23274,2.0
42860,28783,1.0
42860,28784,1.0
42860,38372,1.0
42860,38373,1.0
42860,58285,1.0
42860,58287,1.0
42860,58491,1.0
42860,58685,1.0
42860,59025,2.0
42863,55822,1.0
42897,56018,1.0
42897,59632,1.0
42915,45438,1.0
42915,47601,1.0
42915,48903,1.0
42915,52298,1.0
42915,52421,1.0
42915,53145,1.0
42915,55467,1.0
42915,56563,1.0
42915,57623,1.0
42915,59231,1.0
42915,59651,1.0
42915,60457,1.0
42954,45301,1.0
42954,50073,1.0
42954,57373,1.0
42954,59027,1.0
42954,59414,1.0
43028,2856,1.0
43028,7240,1.0
43028,8479,2.0
43028,10041,1.0
43028,14042,1.0
43028,14659,1.0
43028,14672,1.0
43028,18015,1.0
43028,19522,1.0
43028,22009,1.0
43028,29128,1.0
43028,31053,1.0
43028,35322,1.0
43028,42398,1.0
43028,47938,1.0
43028,52304,1.0
43062,4482,1.0
43062,16776,1.0
43062,20086,1.0
43062,29495,1.0
43062,33072,1.0
43062,34747,1.0
43062,45832,1.0
43062,46317,1.0
43062,53149,1.0
43095,17043,1.0
43095,42275,1.0
43165,49300,1.0
43165,58767,1.0
43249,45785,1.0
43313,55259,1.0
43319,21368,1.0
43319,27357,1.0
43319,29543,1.0
43319,59084,1.0
43344,7405,1.0
43344,7420,3.0
43344,8447,3.0
43344,8480,1.0
43344,13233,1.0
43344,17613,2.0
43344,18539,1.0
43344,21996,1.0
43344,22447,3.0
43344,23639,1.0
43344,26698,1.0
43344,29904,1.0
43344,36930,1.0
43344,37132,1.0
43344,42600,3.0
43344,48934,1.0
43344,51117,1.0
43344,54823,1.0
43344,55173,1.0
43345,4630,1.0
43345,7405,1.0
43345,7420,4.0
43345,7911,2.0
43345,12491,1.0
43345,13233,1.0
43345,17613,3.0
43345,21996,4.0
43345,22447,3.0
43345,23639,2.0
43345,29904,2.0
43345,30353,1.0
43345,33654,1.0
43345,34103,1.0
43345,37132,1.0
43345,38082,1.0
43345,42600,2.0
43345,48935,1.0
43345,51117,3.0
43345,55035,1.0
43365,2561,1.0
43365,9137,1.0
43365,17882,1.0
43365,18073,1.0
43365,30751,1.0
43365,37202,2.0
43365,41793,1.0
43365,49285,1.0
43572,5251,1.0
43572,7408,2.0
43572,20894,2.0
43572,21369,2.0
43572,26221,1.0
43572,26817,1.0
43572,35537,1.0
43572,35538,1.0
43572,35642,1.0
43572,45269,1.0
43572,49530,1.0
43572,53162,2.0
43572,56358,1.0
43572,59886,1.0
43572,60217,1.0
43590,58880,1.0
43605,14757,1.0
43605,20612,1.0
43605,44005,2.0
43617,43618,1.0
43619,49103,1.0
43672,57296,1.0
43679,6117,1.0
43679,8843,1.0
43679,12700,1.0
43679,17322,1.0
43679,21022,1.0
43679,21900,1.0
43679,31901,2.0
43679,35192,2.0
43679,38354,1.0
43679,42293,1.0
43679,44964,1.0
43679,54902,2.0
43679,60554,1.0
43697,834,1.0
43697,3229,1.0
43697,3922,3.0
43697,8296,1.0
43697,17520,1.0
43697,17936,12.0
43697,19655,1.0
43697,20650,1.0
43697,20662,1.0
43697,25614,1.0
43697,27754,1.0
43697,27954,1.0
43697,28870,1.0
43697,28907,3.0
43697,30305,1.0
43697,30786,16.0
43697,30787,1.0
43697,31706,1.0
43697,35949,1.0
43697,36481,6.0
43697,36509,6.0
43697,36510,1.0
43697,38916,1.0
43697,39524,4.0
43697,40122,1.0
43697,42474,1.0
43697,45913,1.0
43697,48047,1.0
43697,48048,1.0
43697,48049,3.0
43697,50009,9.0
43697,50690,6.0
43697,52341,1.0
43697,52953,1.0
43697,54078,1.0
43697,58967,2.0
43697,59358,2.0
43697,60221,18.0
43697,60223,3.0
43697,60224,1.0
43698,5492,1.0
43698,26979,1.0
43698,51317,1.0
43698,58967,1.0
43698,60222,1.0
43698,60224,2.0
43740,52498,1.0
43740,53210,1.0
43740,59425,1.0
43740,60317,1.0
43749,60562,1.0
43758,624,3.0
43758,1820,3.0
43758,2794,3.0
43758,4885,3.0
43758,5799,3.0
43758,8901,2.0
43758,12413,3.0
43758,12478,3.0
43758,15316,3.0
43758,16323,3.0
43758,16459,3.0
43758,16733,3.0
43758,16927,3.0
43758,17717,3.0
43758,18090,3.0
43758,19607,3.0
43758,21883,3.0
43758,23308,3.0
43758,23311,2.0
43758,23564,3.0
43758,24906,2.0
43758,24907,1.0
43758,26039,3.0
43758,27660,3.0
43758,29156,3.0
43758,29403,3.0
43758,29990,3.0
43758,34707,2.0
43758,34901,3.0
43758,37181,3.0
43758,37849,3.0
43758,37891,2.0
43758,41444,3.0
43758,42543,2.0
43758,42915,1.0
43758,45437,2.0
43758,45438,1.0
43758,46188,1.0
43758,46957,1.0
43758,47585,1.0
43758,47601,3.0
43758,48903,3.0
43758,52298,3.0
43758,52421,3.0
43758,53145,3.0
43758,54939,1.0
43758,55136,1.0
43758,55232,2.0
43758,55467,3.0
43758,55489,1.0
43758,56563,3.0
43758,56839,2.0
43758,57623,3.0
43758,57964,1.0
43758,58668,1.0
43758,58991,1.0
43758,59229,2.0
43758,59231,1.0
43758,59405,1.0
43758,59627,4.0
43758,59650,2.0
43758,59651,1.0
43758,60175,4.0
43758,60372,1.0
43758,60457,3.0
43773,43979,2.0
43773,44490,2.0
43773,47115,2.0
43773,47468,2.0
43773,48185,2.0
43773,49397,2.0
43773,49832,2.0
43773,50268,2.0
43773,51476,2.0
43773,51814,2.0
43773,57730,2.0
43812,14513,1.0
43812,20049,1.0
43812,28671,1.0
43812,57590,1.0
43856,46293,1.0
43856,53514,1.0
43862,49425,1.0
43898,50009,1.0
43898,50690,1.0
43898,60221,1.0
43911,51120,1.0
43911,56897,1.0
43911,57250,1.0
43911,57361,1.0
43918,55454,1.0
43965,17735,1.0
43965,21518,1.0
43965,28180,1.0
43965,32870,1.0
43965,38603,1.0
43965,45414,1.0
43965,54346,1.0
43965,60304,1.0
43979,44490,2.0
43979,47115,2.0
43979,47468,2.0
43979,48185,2.0
43979,49397,2.0
43979,49832,2.0
43979,50268,2.0
43979,51476,2.0
43979,51814,2.0
43979,57730,2.0
44004,12595,2.0
44004,14641,1.0
44004,22846,1.0
44004,32117,1.0
44004,43605,3.0
44004,44929,4.0
44004,49689,1.0
44004,58637,1.0
44004,58638,3.0
44004,59460,1.0
44005,14757,1.0
44005,19085,1.0
44005,20612,1.0
44024,153,1.0
44024,935,1.0
44024,2643,1.0
44024,2830,1.0
44024,3538,1.0
44024,5251,1.0
44024,5474,1.0
44024,7408,2.0
44024,8682,2.0
44024,9539,1.0
44024,10072,8.0
44024,10082,1.0
44024,12114,2.0
44024,12934,3.0
44024,13788,1.0
44024,14579,2.0
44024,15733,11.0
44024,16610,1.0
44024,19060,1.0
44024,19726,15.0
44024,20894,2.0
44024,21024,2.0
44024,21348,1.0
44024,21369,2.0
44024,23967,1.0
44024,26221,1.0
44024,26817,1.0
44024,28808,1.0
44024,30777,1.0
44024,31145,2.0
44024,33087,2.0
44024,34135,2.0
44024,35382,2.0
44024,35537,1.0
44024,35538,1.0
44024,35642,1.0
44024,36398,1.0
44024,36546,1.0
44024,36791,1.0
44024,40852,1.0
44024,43572,2.0
44024,43749,1.0
44024,47109,1.0
44024,49234,7.0
44024,49245,6.0
44024,49249,1.0
44024,49530,1.0
44024,52365,1.0
44024,53162,2.0
44024,56238,1.0
44024,57388,1.0
44024,58752,3.0
44024,59886,1.0
44024,60217,1.0
44024,60562,1.0
44024,60563,1.0
44161,49193,1.0
44180,15430,1.0
44180,18793,1.0
44181,53592,1.0
44204,20589,1.0
44204,22512,1.0
44204,23224,1.0
44204,33546,1.0
44204,52457,1.0
44204,54461,1.0
44204,58262,1.0
44293,45139,1.0
44293,45740,1.0
44293,52447,1.0
44293,55917,1.0
44293,56496,1.0
44293,58821,1.0
44310,8925,1.0
44310,9137,1.0
44310,37202,4.0
44310,40857,1.0
44310,41793,2.0
44310,43365,2.0
44310,49285,1.0
44310,54847,1.0
44368,47511,1.0
44466,46818,1.0
44466,58636,2.0
44490,47115,2.0
44490,47468,2.0
44490,48185,2.0
44490,49397,2.0
44490,49832,2.0
44490,50268,2.0
44490,51476,2.0
44490,51814,2.0
44490,57730,2.0
44494,39001,1.0
44494,40063,1.0
44494,45997,1.0
44494,57957,2.0
44501,60064,1.0
44535,54825,1.0
44824,47042,1.0
44828,46831,2.0
44878,57132,1.0
44929,12595,1.0
44929,14641,2.0
44929,19085,1.0
44929,43605,1.0
44929,44005,1.0
44929,58638,2.0
44929,59460,1.0
44957,57839,1.0
44964,9174,1.0
44964,15287,1.0
44964,42617,1.0
44964,54902,1.0
44964,54908,1.0
44964,58339,1.0
44973,6934,1.0
44973,21022,1.0
44973,31901,1.0
44973,38354,1.0
44973,43679,1.0
44973,49151,1.0
44973,54902,1.0
44973,56842,1.0
44973,57839,1.0
44993,17614,1.0
44993,20997,1.0
44993,25402,1.0
44993,38720,1.0
44993,48694,1.0
44993,50689,1.0
44993,59357,1.0
45067,2338,1.0
45067,48498,2.0
45067,50674,1.0
45067,54338,1.0
45067,58612,1.0
45097,19631,1.0
45097,21597,1.0
45097,24467,1.0
45097,39745,1.0
45097,40590,1.0
45098,48822,1.0
45105,15587,1.0
45105,25264,1.0
45105,37601,1.0
45112,6657,1.0
45112,13727,1.0
45112,20695,1.0
45112,29104,1.0
45112,29403,2.0
45112,36791,1.0
45139,45740,1.0
45139,52447,1.0
45139,55917,1.0
45139,56496,1.0
45139,58821,1.0
45166,53231,2.0
45176,58492,1.0
45179,60553,1.0
45187,50255,1.0
45197,52361,1.0
45197,52364,1.0
45197,60007,1.0
45269,7438,1.0
45269,11375,1.0
45269,23969,2.0
45269,24767,1.0
45269,35537,1.0
45269,43938,1.0
45269,51626,1.0
45269,54678,1.0
45269,56358,2.0
45301,50073,1.0
45301,57373,1.0
45301,59027,1.0
45414,3514,1.0
45414,4934,1.0
45414,8652,1.0
45414,10147,1.0
45414,14814,1.0
45414,17916,1.0
45414,20404,1.0
45414,29504,1.0
45414,29927,1.0
45414,30499,5.0
45414,50185,3.0
45414,59091,1.0
45414,59599,2.0
45414,60304,1.0
45436,46830,1.0
45437,47601,2.0
45437,48903,2.0
45437,52298,2.0
45437,52421,2.0
45437,53145,2.0
45437,55232,2.0
45437,55467,2.0
45437,56563,2.0
45437,56839,2.0
45437,57623,2.0
45437,59229,2.0
45437,59650,2.0
45437,60457,2.0
45438,47601,1.0
45438,48903,1.0
45438,52298,1.0
45438,52421,1.0
45438,53145,1.0
45438,55467,1.0
45438,56563,1.0
45438,57623,1.0
45438,59231,1.0
45438,59651,1.0
45438,60457,1.0
45598,12466,1.0
45601,53488,1.0
45621,46002,1.0
45621,57740,1.0
45740,52447,1.0
45740,55917,1.0
45740,56496,1.0
45740,58821,1.0
45748,54517,1.0
45785,53118,1.0
45785,53126,1.0
45785,54131,1.0
45785,60220,1.0
45832,17220,1.0
45832,23439,1.0
45832,25494,1.0
45832,30122,1.0
45832,30261,1.0
45832,30844,1.0
45832,30935,2.0
45832,32476,1.0
45832,40024,1.0
45832,45621,1.0
45832,46002,1.0
45832,46317,1.0
45832,47107,1.0
45832,50875,3.0
45832,52742,2.0
45832,53149,4.0
45832,56102,1.0
45832,56332,1.0
45832,57740,1.0
45879,11130,2.0
45879,17916,3.0
45879,29927,3.0
45879,31569,3.0
45879,31705,2.0
45879,39744,1.0
45879,48822,1.0
45913,54078,1.0
45947,56460,1.0
46002,57740,1.0
46025,55180,1.0
46188,46957,1.0
46188,47585,1.0
46188,54939,1.0
46188,55136,1.0
46188,55489,1.0
46188,57964,1.0
46188,58668,1.0
46188,58991,1.0
46188,59405,1.0
46188,59627,1.0
46188,60175,1.0
46188,60372,1.0
46205,59872,2.0
46282,2654,2.0
46282,2808,1.0
46282,4002,1.0
46282,4333,1.0
46282,7582,2.0
46282,7723,1.0
46282,8335,1.0
46282,9135,2.0
46282,10424,1.0
46282,13918,1.0
46282,14554,3.0
46282,17495,1.0
46282,18643,2.0
46282,19726,1.0
46282,21368,11.0
46282,24170,5.0
46282,27310,1.0
46282,27357,2.0
46282,27358,1.0
46282,27359,1.0
46282,31801,1.0
46282,35509,1.0
46282,37557,6.0
46282,37730,1.0
46282,39259,1.0
46282,40549,1.0
46282,41039,1.0
46282,44004,1.0
46282,44005,1.0
46282,44534,1.0
46282,44535,1.0
46282,44929,1.0
46282,46831,1.0
46282,46832,1.0
46282,49417,1.0
46282,53729,1.0
46282,54825,3.0
46282,56036,1.0
46282,58636,1.0
46282,58638,1.0
46282,59460,1.0
46283,55420,1.0
46293,53514,1.0
46317,53149,1.0
46337,50424,4.0
46337,50905,3.0
46337,51270,2.0
46337,52953,2.0
46337,54422,3.0
46387,57366,2.0
46408,173,2.0
46408,6107,3.0
46408,6117,1.0
46408,11968,1.0
46408,14353,1.0
46408,15693,1.0
46408,17188,1.0
46408,21022,1.0
46408,21465,1.0
46408,22707,1.0
46408,29717,1.0
46408,29768,1.0
46408,30222,1.0
46408,31197,1.0
46408,31901,1.0
46408,32326,1.0
46408,35754,1.0
46408,36791,1.0
46408,40536,3.0
46408,42690,1.0
46408,44501,1.0
46408,52743,1.0
46408,53024,1.0
46408,60064,1.0
46449,33763,1.0
46449,37834,1.0
46449,43862,1.0
46449,48424,1.0
46449,49425,1.0
46492,4480,1.0
46492,17735,3.0
46492,21517,3.0
46492,22014,1.0
46492,31003,1.0
46492,36930,3.0
46492,40420,1.0
46492,41673,4.0
46492,41674,1.0
46492,51265,3.0
46492,53230,1.0
46492,53233,1.0
46492,54289,5.0
46500,55113,1.0
46504,49645,1.0
46564,49805,1.0
46564,54995,1.0
46818,58636,1.0
46831,8471,1.0
46831,13788,1.0
46831,15960,1.0
46831,16910,1.0
46831,20333,1.0
46831,21710,1.0
46831,21948,1.0
46831,22036,1.0
46831,24086,1.0
46831,26620,3.0
46831,28363,1.0
46831,29925,1.0
46831,30130,3.0
46831,30411,1.0
46831,31152,1.0
46831,31190,2.0
46831,33959,1.0
46831,36157,1.0
46831,37557,1.0
46831,40740,1.0
46831,41635,1.0
46831,45436,2.0
46831,46830,1.0
46831,46832,8.0
46831,47617,2.0
46831,50067,1.0
46831,51790,1.0
46831,52356,1.0
46831,56257,1.0
46831,59199,1.0
46831,59645,1.0
46832,15960,1.0
46832,21710,1.0
46832,21948,1.0
46832,24086,1.0
46832,30130,3.0
46832,30411,1.0
46832,31190,2.0
46832,36157,1.0
46832,37557,1.0
46832,40740,1.0
46832,45436,1.0
46832,47617,2.0
46832,51790,1.0
46832,52356,1.0
46832,56257,1.0
46832,59199,1.0
46832,59645,1.0
46853,12262,1.0
46853,40116,1.0
46853,54833,1.0
46853,56626,1.0
46853,56646,1.0
46853,58344,1.0
46866,57774,1.0
46890,47901,1.0
46890,49829,1.0
46890,57908,1.0
46890,59589,1.0
46937,49882,1.0
46937,59419,1.0
46957,47585,1.0
46957,54939,1.0
46957,55136,1.0
46957,55489,1.0
46957,57964,1.0
46957,58668,1.0
46957,58991,1.0
46957,59405,1.0
46957,59627,1.0
46957,60175,1.0
46957,60372,1.0
46977,27480,2.0
46977,35386,1.0
47008,8017,1.0
47008,11092,1.0
47008,13765,1.0
47008,18195,1.0
47008,22122,1.0
47008,26607,1.0
47008,30974,3.0
47008,35488,3.0
47008,35639,1.0
47008,40116,1.0
47008,42617,3.0
47008,42747,1.0
47008,43474,1.0
47008,53126,1.0
47030,53454,1.0
47030,55807,1.0
47081,39175,1.0
47081,43856,1.0
47081,46293,1.0
47081,53514,1.0
47107,56332,1.0
47109,57388,1.0
47115,47468,2.0
47115,48185,2.0
47115,49397,2.0
47115,49832,2.0
47115,50268,2.0
47115,51476,2.0
47115,51814,2.0
47115,57730,2.0
47227,49055,1.0
47371,56643,1.0
47402,50530,1.0
47424,4054,4.0
47424,20503,4.0
47424,29446,4.0
47424,34019,4.0
47424,35094,1.0
47424,35147,2.0
47424,40400,2.0
47424,40401,1.0
47424,41236,3.0
47424,59872,4.0
47424,60310,4.0
47468,48185,2.0
47468,49397,2.0
47468,49832,2.0
47468,50268,2.0
47468,51476,2.0
47468,51814,2.0
47468,57730,2.0
47566,52359,1.0
47566,60273,1.0
47585,54939,1.0
47585,55136,1.0
47585,55489,1.0
47585,57964,1.0
47585,58668,1.0
47585,58991,1.0
47585,59405,1.0
47585,59627,1.0
47585,60175,1.0
47585,60372,1.0
47601,48903,3.0
47601,52298,3.0
47601,52421,3.0
47601,53145,3.0
47601,55232,2.0
47601,55467,3.0
47601,56563,3.0
47601,56839,2.0
47601,57623,3.0
47601,59229,2.0
47601,59231,1.0
47601,59650,2.0
47601,59651,1.0
47601,60457,3.0
47617,59199,1.0
47726,49430,2.0
47792,4597,1.0
47792,7937,1.0
47792,34374,1.0
47792,38627,1.0
47792,51770,1.0
47901,49829,1.0
47901,57908,1.0
47901,59589,1.0
47938,3937,1.0
47938,39677,1.0
47938,39681,1.0
47938,54781,1.0
47938,60033,1.0
47938,60603,1.0
47958,55610,1.0
48033,11130,1.0
48033,17916,1.0
48033,29927,1.0
48033,31569,1.0
48033,31705,1.0
48033,39744,1.0
48033,45879,1.0
48033,48822,1.0
48128,5898,2.0
48128,7900,2.0
48128,15599,2.0
48128,40010,2.0
48128,48824,2.0
48128,51675,2.0
48128,58664,2.0
48185,49397,2.0
48185,49832,2.0
48185,50268,2.0
48185,51476,2.0
48185,51814,2.0
48185,57730,2.0
48191,6983,1.0
48191,7757,1.0
48191,25072,1.0
48191,28897,1.0
48191,33510,1.0
48191,40234,1.0
48191,44368,1.0
48191,47511,1.0
48191,50990,1.0
48191,52953,1.0
48191,58377,1.0
48368,53498,1.0
48387,53488,3.0
48498,1950,1.0
48498,2338,1.0
48498,9691,1.0
48498,28569,1.0
48498,45102,1.0
48498,50674,1.0
48498,50975,1.0
48498,54338,1.0
48498,57815,1.0
48498,58612,3.0
48684,39604,1.0
48728,26480,2.0
48728,31501,3.0
48728,31801,2.0
48728,38936,1.0
48757,2432,2.0
48757,6720,3.0
48757,6724,1.0
48757,20272,1.0
48757,20695,2.0
48757,22318,1.0
48757,30308,1.0
48757,31153,1.0
48824,51675,2.0
48824,58664,2.0
48841,3820,3.0
48841,9573,1.0
48841,51159,1.0
48903,41046,2.0
48903,52298,3.0
48903,52421,3.0
48903,53145,3.0
48903,55232,2.0
48903,55467,3.0
48903,56563,3.0
48903,56839,2.0
48903,57623,3.0
48903,59229,2.0
48903,59231,1.0
48903,59650,2.0
48903,59651,1.0
48903,60457,3.0
48934,26698,1.0
49026,57375,1.0
49103,8950,1.0
49103,24910,1.0
49103,42554,1.0
49132,53488,1.0
49132,54099,1.0
49133,51270,1.0
49151,56842,1.0
49234,14579,2.0
49234,36398,1.0
49245,34135,1.0
49285,43022,1.0
49300,58767,1.0
49323,49608,1.0
49323,58146,1.0
49324,54889,1.0
49324,58930,1.0
49358,12956,1.0
49358,20643,4.0
49358,20695,5.0
49358,22070,1.0
49358,30950,1.0
49358,37574,1.0
49358,40535,1.0
49358,42293,1.0
49358,44964,1.0
49358,49374,1.0
49358,58339,3.0
49358,58550,1.0
49359,54497,1.0
49359,58339,2.0
49369,17488,1.0
49369,17496,2.0
49369,23759,1.0
49369,58459,1.0
49374,36077,1.0
49374,42293,1.0
49374,44964,1.0
49374,58339,1.0
49397,49832,2.0
49397,50268,2.0
49397,51476,2.0
49397,51814,2.0
49397,57730,2.0
49417,54826,1.0
49417,58932,1.0
49440,56625,1.0
49440,60004,1.0
49513,52215,1.0
49530,53162,1.0
49530,59886,1.0
49530,60217,1.0
49597,34645,1.0
49597,43766,1.0
49597,56068,2.0
49597,56257,1.0
49608,3415,1.0
49608,13274,1.0
49608,17317,1.0
49608,20148,1.0
49608,21156,1.0
49608,22528,1.0
49608,25658,1.0
49608,26022,1.0
49608,26676,1.0
49608,27847,1.0
49608,30191,1.0
49608,37278,1.0
49608,39363,1.0
49608,40606,1.0
49608,40857,1.0
49608,41455,1.0
49608,43524,1.0
49608,44310,2.0
49608,47234,1.0
49608,52356,1.0
49608,54688,1.0
49608,55941,1.0
49608,57250,1.0
49608,58146,1.0
49659,4315,1.0
49659,29107,1.0
49689,6914,4.0
49689,22235,4.0
49689,26535,1.0
49689,29210,1.0
49689,41657,1.0
49689,49513,1.0
49689,52215,1.0
49689,54982,3.0
49689,58637,1.0
49794,8296,1.0
49794,14095,2.0
49794,22321,1.0
49794,22666,1.0
49794,40952,1.0
49794,50009,1.0
49794,52953,1.0
49794,55467,1.0
49794,56056,1.0
49794,59358,2.0
49794,60221,2.0
49805,54995,1.0
49829,57908,1.0
49829,59589,1.0
49832,50268,2.0
49832,51476,2.0
49832,51814,2.0
49832,57730,2.0
49837,13342,2.0
49837,31875,1.0
49837,40535,1.0
49837,43679,1.0
49837,58276,3.0
49882,54891,1.0
49882,59419,1.0
49917,41060,1.0
49963,53095,1.0
50009,718,1.0
50009,834,2.0
50009,1552,1.0
50009,2401,1.0
50009,3229,1.0
50009,4686,7.0
50009,5492,2.0
50009,5585,2.0
50009,6324,1.0
50009,8296,1.0
50009,9094,1.0
50009,9338,2.0
50009,9452,1.0
50009,9489,1.0
50009,10821,1.0
50009,10896,1.0
50009,11275,1.0
50009,14042,11.0
50009,14095,1.0
50009,15595,1.0
50009,15947,3.0
50009,17614,1.0
50009,18793,2.0
50009,18797,2.0
50009,20041,1.0
50009,22374,1.0
50009,25420,1.0
50009,25614,1.0
50009,26979,1.0
50009,27500,1.0
50009,27754,3.0
50009,27890,2.0
50009,27954,9.0
50009,28870,1.0
50009,31706,3.0
50009,32242,1.0
50009,32837,1.0
50009,35200,1.0
50009,35949,1.0
50009,36528,1.0
50009,40122,2.0
50009,40950,1.0
50009,40952,3.0
50009,41591,2.0
50009,42474,1.0
50009,42504,1.0
50009,43698,5.0
50009,44993,1.0
50009,46207,1.0
50009,50689,1.0
50009,50690,4.0
50009,50921,1.0
50009,51816,1.0
50009,52953,3.0
50009,53127,1.0
50009,53757,2.0
50009,53970,1.0
50009,55468,4.0
50009,57818,1.0
50009,59357,1.0
50009,59358,7.0
50009,60221,42.0
50009,60222,1.0
50009,60223,5.0
50009,60224,4.0
50073,57373,1.0
50073,59027,1.0
50185,59091,1.0
50268,51476,2.0
50268,51814,2.0
50268,57730,2.0
50278,54897,1.0
50278,55507,1.0
50290,51993,1.0
50424,50905,3.0
50424,54422,3.0
50674,18458,1.0
50689,59357,1.0
50690,718,1.0
50690,1552,1.0
50690,2401,1.0
50690,3922,3.0
50690,9691,1.0
50690,11275,1.0
50690,15602,1.0
50690,16278,1.0
50690,17578,1.0
50690,17936,6.0
50690,22085,1.0
50690,27500,1.0
50690,30786,6.0
50690,35200,1.0
50690,36481,6.0
50690,36509,5.0
50690,36510,1.0
50690,36528,1.0
50690,37640,1.0
50690,40952,1.0
50690,43698,1.0
50690,44878,1.0
50690,57132,1.0
50690,57547,1.0
50690,60221,8.0
50717,8212,1.0
50717,12874,1.0
50717,24376,1.0
50717,25683,1.0
50717,27575,1.0
50717,33494,1.0
50717,33855,1.0
50717,56271,1.0
50717,56899,1.0
50717,57290,1.0
50717,57366,1.0
50717,59343,1.0
50773,4480,1.0
50773,15479,1.0
50773,15812,1.0
50773,22014,1.0
50773,31003,1.0
50773,40420,1.0
50773,41673,2.0
50773,46492,2.0
50773,54289,2.0
50773,58492,1.0
50773,58583,1.0
50778,53997,1.0
50792,54635,1.0
50870,3904,1.0
50870,7036,1.0
50870,7723,1.0
50870,18458,1.0
50870,20431,1.0
50870,35894,1.0
50870,36689,1.0
50870,40564,1.0
50870,43892,1.0
50870,44846,1.0
50870,52974,1.0
50870,54463,1.0
50870,54654,1.0
50875,30261,1.0
50875,32476,1.0
50875,45621,1.0
50875,46002,1.0
50875,52742,2.0
50875,53149,3.0
50875,57740,1.0
50903,56572,1.0
50905,54422,3.0
50975,28569,1.0
50975,57815,1.0
50990,6983,1.0
50990,7757,1.0
50990,28897,1.0
50990,33510,1.0
50990,40234,1.0
50990,44368,1.0
50990,47511,1.0
51054,58649,1.0
51117,4630,3.0
51117,7911,1.0
51117,8447,2.0
51117,13233,1.0
51117,14126,1.0
51117,24368,1.0
51117,31678,1.0
51117,42599,1.0
51117,54823,1.0
51117,55035,1.0
51120,56897,1.0
51120,57250,1.0
51120,57361,1.0
51159,4312,2.0
51159,4317,1.0
51159,5964,1.0
51159,9718,1.0
51159,11748,1.0
51159,18793,2.0
51159,22587,1.0
51159,24557,1.0
51159,35275,2.0
51159,40334,1.0
51159,40400,2.0
51159,41064,1.0
51159,52505,1.0
51159,60608,1.0
51167,13625,1.0
51167,46088,1.0
51167,53126,1.0
51167,60220,1.0
51245,18355,1.0
51265,53230,1.0
51265,53233,1.0
51270,1166,1.0
51270,14428,1.0
51270,15599,2.0
51270,17911,1.0
51270,20718,1.0
51270,23920,2.0
51270,25307,2.0
51270,30059,1.0
51270,31862,1.0
51270,37302,1.0
51270,40010,3.0
51270,41625,2.0
51270,51713,1.0
51270,53498,1.0
51270,55720,1.0
51270,56951,2.0
51270,58209,1.0
51270,58665,1.0
51270,58901,1.0
51404,13013,1.0
51404,39493,1.0
51404,47402,1.0
51404,50530,1.0
51404,50778,1.0
51404,52076,1.0
51404,53995,1.0
51404,53997,1.0
51476,11747,1.0
51476,20589,1.0
51476,22512,1.0
51476,44204,1.0
51476,51814,2.0
51476,54461,1.0
51476,55454,1.0
51476,57730,2.0
51675,58664,2.0
51713,58209,1.0
51717,53455,2.0
51760,58303,1.0
51760,58371,1.0
51770,2901,1.0
51770,4313,1.0
51770,4597,3.0
51770,4598,1.0
51770,7937,2.0
51770,8177,2.0
51770,11023,1.0
51770,12116,1.0
51770,16493,1.0
51770,19351,2.0
51770,29289,1.0
51770,29566,1.0
51770,34374,1.0
51770,38627,1.0
51770,47734,2.0
51770,48875,1.0
51770,51717,2.0
51770,53455,2.0
51790,22846,1.0
51790,30130,1.0
51790,47617,1.0
51790,59199,1.0
51796,9376,1.0
51796,11768,1.0
51796,14733,2.0
51814,57730,2.0
51816,2658,1.0
51816,5967,2.0
51816,7428,1.0
51816,9111,1.0
51816,12911,1.0
51816,14042,12.0
51816,15108,1.0
51816,15430,2.0
51816,15431,1.0
51816,18793,11.0
51816,29787,1.0
51816,33220,1.0
51816,37685,1.0
51816,40334,1.0
51816,40853,1.0
51816,40950,1.0
51816,40952,1.0
51816,44180,1.0
51816,44181,1.0
51816,50964,2.0
51816,51159,2.0
51818,660,1.0
51818,6107,1.0
51818,9155,1.0
51818,12262,2.0
51818,12957,1.0
51818,16350,1.0
51818,19118,2.0
51818,26673,1.0
51818,33407,1.0
51818,35976,1.0
51818,37322,1.0
51818,40116,2.0
51818,46853,2.0
51818,49358,1.0
51818,51717,2.0
51818,51770,2.0
51818,53455,2.0
51818,54833,1.0
51818,55193,1.0
51818,56626,1.0
51818,56646,1.0
51818,58080,1.0
51818,58344,1.0
51992,53488,1.0
52049,44386,1.0
52124,14563,1.0
52124,55468,1.0
52129,9792,1.0
52129,13564,1.0
52129,15583,1.0
52129,19289,1.0
52129,21567,1.0
52129,24495,1.0
52129,24960,1.0
52129,27962,1.0
52129,30661,1.0
52129,31483,1.0
52129,33541,1.0
52129,34010,1.0
52129,58705,1.0
52147,18302,1.0
52147,23560,1.0
52147,24579,1.0
52147,49963,1.0
52147,53095,1.0
52291,1950,3.0
52291,34422,2.0
52298,52421,3.0
52298,53145,3.0
52298,55232,2.0
52298,55467,3.0
52298,56563,3.0
52298,56839,2.0
52298,57623,3.0
52298,59229,2.0
52298,59231,1.0
52298,59650,2.0
52298,59651,1.0
52298,60457,3.0
52356,21710,1.0
52356,21948,1.0
52356,43524,1.0
52356,47700,1.0
52356,56257,1.0
52359,60273,1.0
52364,60007,1.0
52388,22587,1.0
52388,52505,1.0
52421,53145,3.0
52421,55232,2.0
52421,55467,3.0
52421,56563,3.0
52421,56839,2.0
52421,57623,3.0
52421,59229,2.0
52421,59231,1.0
52421,59650,2.0
52421,59651,1.0
52421,60457,3.0
52447,55917,1.0
52447,56496,1.0
52447,58821,1.0
52462,31415,1.0
52462,32496,1.0
52462,39650,1.0
52484,19736,1.0
52484,22550,1.0
52484,33072,1.0
52484,33616,1.0
52484,40744,1.0
52484,50043,1.0
52484,57900,1.0
52498,53210,1.0
52498,59425,1.0
52498,60317,1.0
52505,22587,2.0
52635,54454,1.0
52636,52944,1.0
52685,54897,1.0
52685,55507,1.0
52686,54897,1.0
52742,53149,2.0
52743,7003,2.0
52826,31501,1.0
52826,33331,1.0
52826,38936,1.0
52953,5007,2.0
52953,5585,1.0
52953,6324,1.0
52953,6983,1.0
52953,7757,1.0
52953,8132,1.0
52953,9094,1.0
52953,10390,1.0
52953,10981,2.0
52953,13625,2.0
52953,14095,1.0
52953,15495,2.0
52953,15723,1.0
52953,15947,1.0
52953,17378,2.0
52953,18796,1.0
52953,25072,3.0
52953,25420,1.0
52953,28532,1.0
52953,28897,3.0
52953,31277,1.0
52953,31706,1.0
52953,31839,1.0
52953,33043,3.0
52953,33510,3.0
52953,33725,2.0
52953,35949,1.0
52953,40234,1.0
52953,40646,2.0
52953,41060,1.0
52953,41840,3.0
52953,42474,1.0
52953,44368,1.0
52953,46088,1.0
52953,47049,1.0
52953,47511,1.0
52953,49917,2.0
52953,50990,1.0
52953,51167,1.0
52953,54348,2.0
52953,55803,1.0
52953,57818,1.0
52953,57851,1.0
52953,59358,4.0
52974,3904,1.0
52974,4320,1.0
52974,7723,1.0
52974,11747,2.0
52974,14571,1.0
52974,20431,1.0
52974,20589,1.0
52974,22512,1.0
52974,23224,1.0
52974,33546,2.0
52974,43892,1.0
52974,43918,1.0
52974,44204,2.0
52974,51476,1.0
52974,54461,1.0
52974,54463,5.0
52974,54530,1.0
52974,54654,6.0
52974,55454,2.0
52974,58262,2.0
53092,54603,1.0
53112,60246,1.0
53126,60015,1.0
53126,60220,2.0
53145,55232,2.0
53145,55467,3.0
53145,56563,3.0
53145,56839,2.0
53145,57623,3.0
53145,59229,2.0
53145,59231,1.0
53145,59650,2.0
53145,59651,1.0
53145,60457,3.0
53149,30261,1.0
53149,32476,1.0
53149,45621,1.0
53149,46002,1.0
53149,57740,1.0
53162,26221,1.0
53162,35642,1.0
53162,59886,1.0
53162,60217,1.0
53210,59425,1.0
53210,60317,1.0
53218,56156,1.0
53231,492,1.0
53231,1728,2.0
53231,2210,4.0
53231,2707,1.0
53231,4054,4.0
53231,4312,2.0
53231,4321,2.0
53231,4480,1.0
53231,5095,5.0
53231,5096,3.0
53231,5515,2.0
53231,6038,1.0
53231,6117,1.0
53231,6912,1.0
53231,7410,2.0
53231,7542,2.0
53231,8446,4.0
53231,8778,1.0
53231,10387,1.0
53231,10743,2.0
53231,10744,2.0
53231,11833,2.0
53231,12769,1.0
53231,12888,1.0
53231,12911,1.0
53231,13061,2.0
53231,14379,1.0
53231,14459,1.0
53231,14493,1.0
53231,14663,1.0
53231,15479,3.0
53231,15812,6.0
53231,16109,2.0
53231,16350,1.0
53231,17735,2.0
53231,17906,1.0
53231,18302,1.0
53231,19129,2.0
53231,20156,4.0
53231,20503,4.0
53231,20507,1.0
53231,20913,3.0
53231,21423,1.0
53231,21517,1.0
53231,21518,1.0
53231,22014,1.0
53231,22015,1.0
53231,23560,1.0
53231,23668,1.0
53231,23669,1.0
53231,23957,4.0
53231,24143,1.0
53231,24335,1.0
53231,24557,2.0
53231,24579,4.0
53231,25378,1.0
53231,26559,1.0
53231,27305,2.0
53231,27996,1.0
53231,28081,2.0
53231,28180,1.0
53231,29403,6.0
53231,29446,4.0
53231,29462,1.0
53231,29955,2.0
53231,30353,1.0
53231,30500,1.0
53231,31003,1.0
53231,31678,2.0
53231,31691,1.0
53231,32870,1.0
53231,34019,5.0
53231,34877,10.0
53231,35007,1.0
53231,35094,1.0
53231,35147,2.0
53231,35252,1.0
53231,35275,2.0
53231,36244,7.0
53231,36780,1.0
53231,36930,1.0
53231,38368,2.0
53231,38406,1.0
53231,38603,1.0
53231,39389,1.0
53231,40101,1.0
53231,40400,8.0
53231,40401,6.0
53231,40420,1.0
53231,41236,3.0
53231,41617,2.0
53231,41673,4.0
53231,41674,1.0
53231,41677,2.0
53231,41926,1.0
53231,42600,1.0
53231,42718,1.0
53231,42722,2.0
53231,43889,1.0
53231,43919,1.0
53231,43965,2.0
53231,45176,1.0
53231,46205,2.0
53231,46234,1.0
53231,46492,9.0
53231,46530,1.0
53231,46937,1.0
53231,47424,4.0
53231,49882,1.0
53231,49963,1.0
53231,50773,3.0
53231,51159,1.0
53231,51265,1.0
53231,51449,1.0
53231,52147,1.0
53231,52148,1.0
53231,53095,1.0
53231,53115,1.0
53231,54289,5.0
53231,54346,2.0
53231,55753,1.0
53231,57904,1.0
53231,57907,1.0
53231,58166,1.0
53231,58286,1.0
53231,58492,2.0
53231,58583,1.0
53231,59419,1.0
53231,59872,8.0
53231,60266,1.0
53231,60310,4.0
53232,16109,1.0
53454,55807,1.0
53488,54099,1.0
53488,54403,1.0
53488,54422,7.0
53488,54868,7.0
53488,57519,2.0
53637,31337,1.0
53637,38809,1.0
53637,41128,1.0
53638,38809,1.0
53638,56591,2.0
53729,34645,1.0
53729,43766,1.0
53729,49597,1.0
53729,56036,1.0
53729,56068,1.0
53757,6324,1.0
53757,9338,1.0
53757,9452,1.0
53757,10918,2.0
53757,13057,1.0
53757,15947,1.0
53757,18612,1.0
53757,19118,1.0
53757,29274,1.0
53757,29283,1.0
53757,29449,1.0
53757,32130,1.0
53757,40228,1.0
53757,43249,1.0
53757,45785,2.0
53757,52953,1.0
53757,54131,1.0
53757,57818,1.0
53757,59358,6.0
53859,4277,2.0
53859,51442,1.0
54206,15517,1.0
54206,28803,1.0
54206,42536,1.0
54206,42719,1.0
54206,50903,1.0
54206,56572,1.0
54289,40420,1.0
54289,41674,1.0
54309,13939,1.0
54309,16303,1.0
54309,18273,1.0
54309,24170,1.0
54309,31182,1.0
54309,33089,1.0
54309,50290,1.0
54309,59797,1.0
54338,58612,1.0
54346,51449,1.0
54348,10981,2.0
54348,17378,2.0
54348,33725,2.0
54348,40646,2.0
54403,54868,1.0
54421,1439,1.0
54421,12911,1.0
54421,36427,1.0
54422,54868,4.0
54422,57519,2.0
54462,54653,1.0
54462,55598,1.0
54462,58752,1.0
54463,3904,1.0
54463,4320,1.0
54463,7723,1.0
54463,11747,1.0
54463,14571,1.0
54463,20431,1.0
54463,23224,1.0
54463,33546,2.0
54463,43892,1.0
54463,43918,1.0
54463,44204,1.0
54463,54530,1.0
54463,54654,5.0
54463,55454,1.0
54463,58262,2.0
54497,58339,1.0
54530,54654,1.0
54615,54955,1.0
54635,34893,1.0
54635,40181,1.0
54636,60494,1.0
54653,55598,1.0
54653,58752,1.0
54654,3904,1.0
54654,4320,1.0
54654,7723,1.0
54654,11747,2.0
54654,14571,1.0
54654,20431,1.0
54654,20589,1.0
54654,22512,1.0
54654,23224,1.0
54654,33546,2.0
54654,43892,1.0
54654,43918,1.0
54654,44204,2.0
54654,51476,1.0
54654,54461,1.0
54654,55454,2.0
54654,58262,2.0
54674,1950,8.0
54674,5773,1.0
54674,13121,1.0
54674,15238,3.0
54674,23621,2.0
54674,23731,2.0
54674,25861,1.0
54674,30361,1.0
54674,34256,4.0
54674,34422,2.0
54674,52291,4.0
54674,53092,2.0
54674,54603,1.0
54674,58277,1.0
54688,55941,1.0
54781,60603,1.0
54825,8335,1.0
54825,13918,1.0
54825,39259,1.0
54825,44534,1.0
54833,12262,1.0
54833,40116,1.0
54833,58344,1.0
54889,45187,1.0
54889,50255,1.0
54889,58930,1.0
54897,55507,2.0
54908,9174,1.0
54908,15287,1.0
54908,42617,1.0
54908,46944,1.0
54939,55136,1.0
54939,55489,1.0
54939,57964,1.0
54939,58668,1.0
54939,58991,1.0
54939,59405,1.0
54939,59627,1.0
54939,60175,1.0
54939,60372,1.0
54982,6914,2.0
54982,22235,2.0
55035,9982,1.0
55035,12071,2.0
55035,12262,1.0
55035,24368,1.0
55035,29904,1.0
55035,30355,1.0
55035,38584,1.0
55035,46673,3.0
55136,55489,1.0
55136,57964,1.0
55136,58668,1.0
55136,58991,1.0
55136,59405,1.0
55136,59627,1.0
55136,60175,1.0
55136,60372,1.0
55232,55467,2.0
55232,56563,2.0
55232,56839,2.0
55232,57623,2.0
55232,59229,2.0
55232,59650,2.0
55232,60457,2.0
55454,11747,1.0
55454,20589,1.0
55454,22512,1.0
55454,44204,1.0
55454,54461,1.0
55467,1639,1.0
55467,4686,3.0
55467,14042,6.0
55467,14095,1.0
55467,15431,1.0
55467,18612,3.0
55467,18793,3.0
55467,20041,2.0
55467,22508,1.0
55467,27500,1.0
55467,27754,1.0
55467,29283,1.0
55467,32130,3.0
55467,32242,1.0
55467,36528,1.0
55467,41591,1.0
55467,44181,1.0
55467,50009,5.0
55467,50690,1.0
55467,51816,3.0
55467,52124,1.0
55467,52953,1.0
55467,53757,1.0
55467,56563,3.0
55467,56839,2.0
55467,57623,3.0
55467,59229,2.0
55467,59231,1.0
55467,59358,4.0
55467,59650,2.0
55467,59651,1.0
55467,60221,10.0
55467,60457,3.0
55468,22374,1.0
55468,50011,1.0
55489,2478,1.0
55489,4177,1.0
55489,5623,1.0
55489,7203,1.0
55489,9422,1.0
55489,9875,1.0
55489,14451,1.0
55489,14856,1.0
55489,21030,1.0
55489,23490,1.0
55489,24166,1.0
55489,24587,1.0
55489,24778,1.0
55489,26642,1.0
55489,29748,1.0
55489,35094,1.0
55489,42469,1.0
55489,44293,1.0
55489,45139,1.0
55489,45740,1.0
55489,52447,1.0
55489,55917,1.0
55489,56496,1.0
55489,57964,1.0
55489,58668,1.0
55489,58821,1.0
55489,58938,1.0
55489,58991,1.0
55489,59405,1.0
55489,59627,1.0
55489,60068,1.0
55489,60175,1.0
55489,60372,1.0
55505,29190,1.0
55505,33951,1.0
55505,55504,1.0
55598,58752,1.0
55610,24730,1.0
55610,28536,1.0
55610,29430,2.0
55878,56544,1.0
55878,57679,1.0
55909,5230,1.0
55909,37978,1.0
55909,54603,1.0
55909,58377,1.0
55917,56496,1.0
55917,58821,1.0
56012,56093,1.0
56012,59949,1.0
56018,59632,1.0
56068,34645,1.0
56068,43766,1.0
56068,56257,1.0
56093,59949,1.0
56193,59363,1.0
56257,21710,1.0
56257,21948,1.0
56271,57366,1.0
56332,23440,1.0
56352,59508,1.0
56496,58821,1.0
56544,57679,1.0
56563,56839,2.0
56563,57623,3.0
56563,59229,2.0
56563,59231,1.0
56563,59650,2.0
56563,59651,1.0
56563,60457,3.0
56619,56841,1.0
56625,60004,1.0
56626,56646,1.0
56785,30066,1.0
56785,58289,1.0
56785,59536,1.0
56786,50921,1.0
56786,58289,1.0
56839,57623,2.0
56839,59229,2.0
56839,59650,2.0
56839,60457,2.0
56867,33086,1.0
56897,57250,1.0
56897,57361,1.0
56899,59343,1.0
56951,15599,2.0
56951,23920,2.0
56951,25307,2.0
56951,40010,2.0
56951,41625,2.0
57026,22793,1.0
57026,27881,1.0
57026,56000,1.0
57026,58384,1.0
57210,5829,2.0
57210,6659,1.0
57210,6896,2.0
57210,7003,2.0
57210,15572,2.0
57210,15693,1.0
57210,20736,3.0
57210,21174,2.0
57210,24101,2.0
57210,24196,1.0
57210,31145,1.0
57210,36315,4.0
57210,36838,2.0
57210,39551,2.0
57210,41039,1.0
57210,46680,2.0
57210,48001,2.0
57210,52743,2.0
57210,52797,1.0
57212,378,1.0
57212,624,2.0
57212,1820,2.0
57212,2794,2.0
57212,3937,1.0
57212,4885,2.0
57212,5799,2.0
57212,5833,1.0
57212,8132,1.0
57212,8512,1.0
57212,8901,2.0
57212,9165,1.0
57212,10390,1.0
57212,10470,1.0
57212,11797,1.0
57212,12045,2.0
57212,12413,2.0
57212,12478,2.0
57212,13625,3.0
57212,14042,1.0
57212,14413,1.0
57212,15316,2.0
57212,15723,1.0
57212,16323,2.0
57212,16459,2.0
57212,16622,1.0
57212,16733,2.0
57212,16927,2.0
57212,17199,1.0
57212,17263,2.0
57212,17407,1.0
57212,17717,2.0
57212,18090,2.0
57212,18793,1.0
57212,19151,1.0
57212,19607,2.0
57212,19803,1.0
57212,21883,2.0
57212,23078,2.0
57212,23080,1.0
57212,23308,2.0
57212,23311,2.0
57212,23564,2.0
57212,24906,2.0
57212,24931,2.0
57212,25657,1.0
57212,26039,2.0
57212,27065,1.0
57212,27660,2.0
57212,27799,1.0
57212,28382,1.0
57212,29156,2.0
57212,29403,2.0
57212,29990,2.0
57212,30066,1.0
57212,31839,1.0
57212,34707,2.0
57212,34901,2.0
57212,35017,1.0
57212,35931,1.0
57212,37181,2.0
57212,37849,2.0
57212,37891,2.0
57212,37897,2.0
57212,39677,1.0
57212,39681,2.0
57212,40739,1.0
57212,40790,1.0
57212,41444,2.0
57212,41786,1.0
57212,42543,2.0
57212,43672,1.0
57212,43758,2.0
57212,45187,1.0
57212,45437,2.0
57212,46088,1.0
57212,47049,1.0
57212,47601,2.0
57212,47938,2.0
57212,48903,2.0
57212,49324,1.0
57212,50255,1.0
57212,51054,1.0
57212,51145,1.0
57212,51167,1.0
57212,51816,2.0
57212,52298,2.0
57212,52421,2.0
57212,52953,3.0
57212,53145,2.0
57212,54781,1.0
57212,54889,2.0
57212,55232,2.0
57212,55467,2.0
57212,56563,2.0
57212,56785,2.0
57212,56786,2.0
57212,56839,2.0
57212,57296,1.0
57212,57623,2.0
57212,58289,2.0
57212,58649,1.0
57212,58930,1.0
57212,59001,2.0
57212,59229,2.0
57212,59536,1.0
57212,59627,2.0
57212,59650,2.0
57212,60033,1.0
57212,60175,2.0
57212,60221,2.0
57212,60457,2.0
57212,60603,1.0
57250,20148,1.0
57250,22528,1.0
57250,40606,1.0
57250,47234,1.0
57250,57361,1.0
57290,14625,1.0
57373,59027,1.0
57493,4320,1.0
57493,7036,3.0
57493,11747,2.0
57493,20589,1.0
57493,22512,1.0
57493,23224,1.0
57493,27964,3.0
57493,33546,1.0
57493,38890,3.0
57493,43918,1.0
57493,44204,2.0
57493,51476,1.0
57493,52974,3.0
57493,54461,1.0
57493,54463,2.0
57493,54654,3.0
57493,55454,2.0
57493,58262,1.0
57591,18355,1.0
57591,32859,1.0
57591,33851,1.0
57591,51245,2.0
57623,9550,1.0
57623,24009,1.0
57623,27053,1.0
57623,59229,2.0
57623,59231,1.0
57623,59650,2.0
57623,59651,1.0
57623,60457,3.0
57633,59643,1.0
57839,6934,1.0
57839,44964,2.0
57908,59589,1.0
57957,45997,1.0
57964,58668,1.0
57964,58991,1.0
57964,59405,1.0
57964,59627,1.0
57964,60175,1.0
57964,60372,1.0
58276,31875,1.0
58276,40535,1.0
58285,59025,1.0
58287,59025,1.0
58303,58371,1.0
58377,7751,1.0
58377,32384,2.0
58377,37978,1.0
58446,6896,2.0
58446,36315,2.0
58446,57210,2.0
58492,4480,1.0
58492,13335,1.0
58492,22014,1.0
58492,31003,1.0
58492,32349,1.0
58492,34074,1.0
58492,41673,1.0
58492,46492,1.0
58492,54289,1.0
58612,1862,1.0
58612,1950,1.0
58612,3433,3.0
58612,9691,1.0
58612,13220,3.0
58612,13677,1.0
58612,18458,5.0
58612,27819,2.0
58612,45102,1.0
58612,48246,1.0
58612,48247,1.0
58612,50674,1.0
58636,9135,2.0
58636,14640,1.0
58636,14641,1.0
58636,41039,2.0
58636,44004,1.0
58636,44005,1.0
58636,44929,1.0
58638,11711,1.0
58638,37556,1.0
58638,59460,1.0
58665,27480,1.0
58665,30059,1.0
58665,35386,1.0
58665,46977,1.0
58668,57262,1.0
58668,58991,1.0
58668,59405,1.0
58668,59627,1.0
58668,60175,1.0
58668,60372,1.0
58752,1506,1.0
58752,2643,6.0
58752,3904,1.0
58752,4002,1.0
58752,4320,1.0
58752,4368,1.0
58752,4482,1.0
58752,4804,6.0
58752,4829,2.0
58752,4906,3.0
58752,5174,1.0
58752,5251,1.0
58752,5829,2.0
58752,6917,1.0
58752,6975,1.0
58752,7036,5.0
58752,7207,1.0
58752,7261,1.0
58752,7408,2.0
58752,7438,1.0
58752,7723,2.0
58752,8681,1.0
58752,8682,1.0
58752,9017,1.0
58752,9135,9.0
58752,10359,1.0
58752,10618,1.0
58752,11375,1.0
58752,11711,1.0
58752,11747,3.0
58752,11896,1.0
58752,12109,2.0
58752,12595,2.0
58752,12909,1.0
58752,13351,1.0
58752,14556,1.0
58752,14571,1.0
58752,14640,1.0
58752,14641,3.0
58752,14757,1.0
58752,15239,2.0
58752,16776,4.0
58752,17429,2.0
58752,18661,1.0
58752,19082,2.0
58752,19085,1.0
58752,19726,5.0
58752,20589,1.0
58752,20612,1.0
58752,20894,2.0
58752,21024,2.0
58752,21369,2.0
58752,21661,1.0
58752,22183,1.0
58752,22187,1.0
58752,22512,1.0
58752,22846,1.0
58752,23152,1.0
58752,23224,1.0
58752,23969,2.0
58752,24065,1.0
58752,24113,1.0
58752,24170,2.0
58752,24196,1.0
58752,24629,1.0
58752,24933,1.0
58752,24975,1.0
58752,26221,1.0
58752,26817,1.0
58752,27427,1.0
58752,27461,1.0
58752,27921,3.0
58752,27964,5.0
58752,28096,1.0
58752,28097,1.0
58752,29688,2.0
58752,30261,1.0
58752,30844,1.0
58752,30935,1.0
58752,31145,2.0
58752,31801,1.0
58752,32117,1.0
58752,32476,1.0
58752,33546,2.0
58752,33841,1.0
58752,34645,1.0
58752,34747,1.0
58752,34988,3.0
58752,35041,1.0
58752,35382,3.0
58752,35537,1.0
58752,35538,1.0
58752,35642,1.0
58752,35833,1.0
58752,35977,1.0
58752,36838,3.0
58752,37556,1.0
58752,37557,12.0
58752,38019,1.0
58752,38348,1.0
58752,38890,4.0
58752,39551,1.0
58752,40564,1.0
58752,41039,13.0
58752,41517,1.0
58752,41791,1.0
58752,41802,1.0
58752,42748,1.0
58752,43313,1.0
58752,43572,2.0
58752,43605,4.0
58752,43766,1.0
58752,43918,1.0
58752,43938,1.0
58752,44004,7.0
58752,44005,4.0
58752,44204,3.0
58752,44466,2.0
58752,44929,4.0
58752,45197,2.0
58752,45269,2.0
58752,45621,1.0
58752,45656,1.0
58752,45832,3.0
58752,46002,1.0
58752,46282,2.0
58752,46818,1.0
58752,49530,1.0
58752,49597,1.0
58752,49689,1.0
58752,50875,2.0
58752,51476,1.0
58752,52361,1.0
58752,52364,1.0
58752,52457,1.0
58752,52742,1.0
58752,52974,5.0
58752,53149,2.0
58752,53162,2.0
58752,53729,1.0
58752,54309,1.0
58752,54461,1.0
58752,54463,4.0
58752,54530,1.0
58752,54654,5.0
58752,54678,1.0
58752,55113,1.0
58752,55239,1.0
58752,55259,1.0
58752,55454,2.0
58752,56068,1.0
58752,56102,1.0
58752,57210,4.0
58752,57493,3.0
58752,57740,1.0
58752,58262,2.0
58752,58636,7.0
58752,58637,1.0
58752,58638,5.0
58752,59460,1.0
58752,59886,1.0
58752,60007,1.0
58752,60077,2.0
58752,60217,1.0
58752,60261,2.0
58901,2528,1.0
58901,5898,2.0
58901,6825,1.0
58901,7900,2.0
58901,8785,1.0
58901,13415,1.0
58901,13471,2.0
58901,15599,2.0
58901,17180,1.0
58901,30059,1.0
58901,33433,1.0
58901,35488,1.0
58901,39427,1.0
58901,39971,1.0
58901,40010,6.0
58901,41938,1.0
58901,42144,1.0
58901,48128,2.0
58901,48824,2.0
58901,51675,2.0
58901,58664,2.0
58901,58665,2.0
58938,60068,1.0
58967,45913,1.0
58967,54078,1.0
58991,28127,1.0
58991,59405,1.0
58991,59627,1.0
58991,60175,2.0
58991,60372,1.0
59001,624,3.0
59001,1820,3.0
59001,2794,3.0
59001,4885,3.0
59001,5799,3.0
59001,8446,1.0
59001,8901,2.0
59001,8903,1.0
59001,12045,3.0
59001,12413,3.0
59001,12478,3.0
59001,15310,1.0
59001,15316,3.0
59001,16323,3.0
59001,16459,3.0
59001,16733,3.0
59001,16927,3.0
59001,17263,2.0
59001,17717,3.0
59001,18090,3.0
59001,19607,3.0
59001,21883,3.0
59001,23308,3.0
59001,23311,2.0
59001,23564,3.0
59001,24906,2.0
59001,24907,1.0
59001,24931,3.0
59001,26039,3.0
59001,27660,3.0
59001,28127,1.0
59001,29156,3.0
59001,29403,3.0
59001,29990,3.0
59001,34707,2.0
59001,34901,3.0
59001,37181,3.0
59001,37849,3.0
59001,37891,2.0
59001,41444,3.0
59001,42543,2.0
59001,42915,1.0
59001,43758,3.0
59001,45437,2.0
59001,45438,1.0
59001,47601,3.0
59001,48903,3.0
59001,52298,3.0
59001,52421,3.0
59001,53145,3.0
59001,55232,2.0
59001,55467,3.0
59001,56563,3.0
59001,56839,2.0
59001,57623,3.0
59001,58991,1.0
59001,59229,2.0
59001,59231,1.0
59001,59627,3.0
59001,59650,2.0
59001,59651,1.0
59001,60175,4.0
59001,60457,3.0
59104,60134,1.0
59229,59650,2.0
59229,60457,2.0
59231,59651,1.0
59231,60457,1.0
59358,5585,2.0
59358,6324,1.0
59358,8296,2.0
59358,9094,1.0
59358,9338,2.0
59358,9452,1.0
59358,10654,1.0
59358,10918,4.0
59358,14095,2.0
59358,14563,1.0
59358,14564,1.0
59358,15595,3.0
59358,15947,3.0
59358,16397,1.0
59358,17882,2.0
59358,18195,1.0
59358,18958,1.0
59358,19118,1.0
59358,20997,1.0
59358,25402,2.0
59358,25420,1.0
59358,28273,2.0
59358,28907,1.0
59358,29283,1.0
59358,30786,1.0
59358,31706,1.0
59358,35949,1.0
59358,38720,2.0
59358,38924,1.0
59358,39524,1.0
59358,40228,1.0
59358,40952,1.0
59358,42474,1.0
59358,42523,1.0
59358,43249,1.0
59358,44993,1.0
59358,45785,4.0
59358,47008,2.0
59358,48694,1.0
59358,51167,1.0
59358,52124,1.0
59358,53118,1.0
59358,53126,5.0
59358,53127,1.0
59358,54131,1.0
59358,57818,1.0
59358,60015,1.0
59358,60220,2.0
59405,59627,1.0
59405,60175,1.0
59405,60372,1.0
59425,60317,1.0
59490,59639,1.0
59575,43165,1.0
59575,49300,1.0
59575,58767,1.0
59599,14814,1.0
59599,23349,2.0
59599,24389,1.0
59599,24390,1.0
59599,29504,1.0
59627,624,3.0
59627,1820,3.0
59627,2794,3.0
59627,4885,3.0
59627,5799,3.0
59627,8901,2.0
59627,12413,3.0
59627,12478,3.0
59627,15316,3.0
59627,16323,3.0
59627,16459,3.0
59627,16733,3.0
59627,16927,3.0
59627,17717,3.0
59627,18090,3.0
59627,19607,3.0
59627,21883,3.0
59627,23308,3.0
59627,23311,2.0
59627,23564,3.0
59627,24906,2.0
59627,24907,1.0
59627,26039,3.0
59627,27660,3.0
59627,29156,3.0
59627,29403,3.0
59627,29990,3.0
59627,34707,2.0
59627,34901,3.0
59627,37181,3.0
59627,37849,3.0
59627,37891,2.0
59627,41444,3.0
59627,42543,2.0
59627,42915,1.0
59627,45437,2.0
59627,45438,1.0
59627,47601,3.0
59627,48903,3.0
59627,52298,3.0
59627,52421,3.0
59627,53145,3.0
59627,55232,2.0
59627,55467,3.0
59627,56563,3.0
59627,56839,2.0
59627,57623,3.0
59627,59229,2.0
59627,59231,1.0
59627,59650,2.0
59627,59651,1.0
59627,60175,4.0
59627,60372,1.0
59627,60457,3.0
59650,60457,2.0
59651,60457,1.0
59872,4054,4.0
59872,16109,2.0
59872,20503,4.0
59872,29446,4.0
59872,31678,2.0
59872,34019,4.0
59872,35094,1.0
59872,35147,2.0
59872,40400,2.0
59872,40401,2.0
59872,41236,3.0
59872,53232,1.0
59872,60310,4.0
59886,60217,1.0
59957,7639,3.0
59957,59953,3.0
59978,25182,1.0
59978,25266,1.0
59978,26912,1.0
59978,29464,1.0
59978,34421,1.0
59978,42897,1.0
59978,56018,1.0
59978,59632,1.0
60077,8418,1.0
60077,8596,1.0
60077,13727,1.0
60077,13917,1.0
60077,16482,1.0
60077,21661,1.0
60077,23296,1.0
60077,24065,1.0
60077,26689,1.0
60077,33505,1.0
60077,33841,1.0
60077,36316,1.0
60077,38348,1.0
60077,38461,1.0
60077,41743,1.0
60077,44494,1.0
60077,49417,1.0
60077,55239,1.0
60077,57957,1.0
60077,58932,1.0
60077,60465,1.0
60116,22070,2.0
60116,23968,2.0
60116,25577,2.0
60175,624,3.0
60175,1820,3.0
60175,2794,3.0
60175,4885,3.0
60175,5799,3.0
60175,8901,2.0
60175,12413,3.0
60175,12478,3.0
60175,15316,3.0
60175,16323,3.0
60175,16459,3.0
60175,16733,3.0
60175,16927,3.0
60175,17717,3.0
60175,18090,3.0
60175,19607,3.0
60175,21883,3.0
60175,23308,3.0
60175,23311,2.0
60175,23564,3.0
60175,24906,2.0
60175,24907,1.0
60175,26039,3.0
60175,27660,3.0
60175,28127,1.0
60175,29156,3.0
60175,29403,3.0
60175,29990,3.0
60175,34707,2.0
60175,34901,3.0
60175,37181,3.0
60175,37849,3.0
60175,37891,2.0
60175,41444,3.0
60175,42543,2.0
60175,42915,1.0
60175,45437,2.0
60175,45438,1.0
60175,47601,3.0
60175,48903,3.0
60175,52298,3.0
60175,52421,3.0
60175,53145,3.0
60175,55232,2.0
60175,55467,3.0
60175,56563,3.0
60175,56839,2.0
60175,57623,3.0
60175,59229,2.0
60175,59231,1.0
60175,59650,2.0
60175,59651,1.0
60175,60372,1.0
60175,60457,3.0
60221,718,1.0
60221,834,2.0
60221,1552,1.0
60221,1639,1.0
60221,2401,1.0
60221,3229,1.0
60221,3922,2.0
60221,4411,1.0
60221,4686,18.0
60221,5492,2.0
60221,5585,2.0
60221,6324,1.0
60221,8296,2.0
60221,8480,1.0
60221,9094,1.0
60221,9338,3.0
60221,9452,1.0
60221,9489,1.0
60221,10896,1.0
60221,10918,4.0
60221,11275,1.0
60221,12911,1.0
60221,13625,2.0
60221,14042,16.0
60221,14095,2.0
60221,14563,2.0
60221,14564,1.0
60221,15595,1.0
60221,15723,1.0
60221,15947,3.0
60221,17578,1.0
60221,17608,2.0
60221,17614,1.0
60221,17882,2.0
60221,17936,7.0
60221,18195,1.0
60221,18612,4.0
60221,18793,2.0
60221,18797,2.0
60221,18958,1.0
60221,19118,1.0
60221,20041,2.0
60221,22374,1.0
60221,22508,1.0
60221,25420,1.0
60221,25614,1.0
60221,25820,1.0
60221,27500,1.0
60221,27754,5.0
60221,27890,2.0
60221,27954,8.0
60221,28273,2.0
60221,28870,1.0
60221,28907,3.0
60221,29283,1.0
60221,29787,1.0
60221,30784,1.0
60221,30786,9.0
60221,31706,1.0
60221,32130,4.0
60221,32242,3.0
60221,32837,1.0
60221,33981,1.0
60221,35200,1.0
60221,35949,1.0
60221,36481,3.0
60221,36509,3.0
60221,36510,1.0
60221,36528,1.0
60221,39524,3.0
60221,40122,2.0
60221,40228,1.0
60221,40950,1.0
60221,40952,5.0
60221,41064,2.0
60221,41591,2.0
60221,42474,1.0
60221,42504,2.0
60221,43028,2.0
60221,43249,1.0
60221,43698,6.0
60221,44993,1.0
60221,45785,4.0
60221,45913,1.0
60221,46088,1.0
60221,46207,1.0
60221,47008,1.0
60221,47049,1.0
60221,48048,1.0
60221,48049,2.0
60221,50011,1.0
60221,50689,1.0
60221,51167,2.0
60221,51317,1.0
60221,51816,2.0
60221,52124,2.0
60221,52953,6.0
60221,53118,1.0
60221,53126,3.0
60221,53127,1.0
60221,53757,6.0
60221,53970,1.0
60221,54078,1.0
60221,54131,1.0
60221,55468,6.0
60221,57818,1.0
60221,58967,3.0
60221,59357,1.0
60221,59358,20.0
60221,60220,2.0
60221,60223,5.0
60221,60224,3.0
60223,25614,1.0
60246,3820,2.0
60246,5908,1.0
60246,12757,1.0
60246,56352,1.0
60246,59508,1.0
60261,2808,1.0
60261,3637,1.0
60261,4482,3.0
60261,6866,1.0
60261,8355,2.0
60261,9135,2.0
60261,12516,3.0
60261,12595,1.0
60261,15583,1.0
60261,16689,6.0
60261,17043,1.0
60261,19087,1.0
60261,19358,1.0
60261,20612,1.0
60261,20616,1.0
60261,21567,1.0
60261,22846,1.0
60261,23159,1.0
60261,24960,1.0
60261,27191,1.0
60261,27962,1.0
60261,28221,1.0
60261,30661,1.0
60261,30843,1.0
60261,37557,2.0
60261,41039,2.0
60261,42275,1.0
60261,43095,2.0
60261,43605,1.0
60261,44004,2.0
60261,49417,2.0
60261,49539,1.0
60261,49689,1.0
60261,52126,1.0
60261,52129,1.0
60261,52461,1.0
60261,54826,1.0
60261,55734,1.0
60261,58563,1.0
60261,58637,1.0
60261,58932,1.0
60261,60077,1.0
60266,14379,1.0
60266,14663,1.0
60266,42536,1.0
60266,42718,1.0
60266,42719,1.0
60266,50903,1.0
60266,54206,1.0
60266,56572,1.0
60266,58166,1.0
60273,6117,1.0
60273,6658,1.0
60273,49883,1.0
60279,60443,1.0
60310,19400,1.0
60310,21010,1.0
60310,31193,1.0
60515,34514,1.0
60515,50437,1.0
60554,8843,2.0
60554,15572,2.0
60554,25605,1.0
60554,34899,1.0
60554,52635,1.0
60554,54454,1.0
60579,1439,2.0
60579,2543,1.0
60579,2975,1.0
60579,3288,1.0
60579,4869,1.0
60579,5779,1.0
60579,12911,1.0
60579,13057,1.0
60579,13157,1.0
60579,15599,2.0
60579,21411,1.0
60579,23920,2.0
60579,25210,2.0
60579,25250,1.0
60579,25307,2.0
60579,27927,1.0
60579,28298,1.0
60579,28535,3.0
60579,29274,3.0
60579,29294,1.0
60579,29449,1.0
60579,31337,3.0
60579,32706,1.0
60579,33407,1.0
60579,33750,1.0
60579,36427,1.0
60579,36544,1.0
60579,36712,1.0
60579,36791,2.0
60579,37600,2.0
60579,38809,2.0
60579,40010,2.0
60579,40226,1.0
60579,41128,1.0
60579,41625,2.0
60579,47168,2.0
60579,51270,3.0
60579,51718,1.0
60579,51818,2.0
60579,52220,1.0
60579,53488,2.0
60579,53637,1.0
60579,53638,1.0
60579,53757,1.0
60579,54421,1.0
60579,54422,2.0
60579,54868,1.0
60579,55720,1.0
60579,56951,3.0
60579,58344,1.0
60579,59714,1.0
